2.000000000000000000e+00 -9.357076896919064302e-02
4.000000000000000000e+00 -1.840291162587507634e-01
6.000000000000000000e+00 -2.713218327743738278e-01
8.000000000000000000e+00 -3.553996300719161616e-01
1.000000000000000000e+01 -4.362171954394949980e-01
1.200000000000000000e+01 -5.137332395697259413e-01
1.400000000000000000e+01 -5.879105367412869043e-01
1.600000000000000000e+01 -6.587159574496931347e-01
1.800000000000000000e+01 -7.261204934479311701e-01
2.000000000000000000e+01 -7.900992751784430279e-01
2.200000000000000000e+01 -8.506315815987084417e-01
2.400000000000000000e+01 -9.077008424233374839e-01
2.600000000000000000e+01 -9.612946328260267848e-01
2.800000000000000000e+01 -1.011404660664891653e+00
3.000000000000000000e+01 -1.058026746314504107e+00
3.200000000000000000e+01 -1.101160795207318799e+00
3.400000000000000000e+01 -1.140810763206062006e+00
3.600000000000000000e+01 -1.176984614946953167e+00
3.800000000000000000e+01 -1.209694275311293810e+00
4.000000000000000000e+01 -1.238955574199923193e+00
4.200000000000000000e+01 -1.264788184801276971e+00
4.400000000000000000e+01 -1.287215555559190650e+00
4.600000000000000000e+01 -1.306264836061139079e+00
4.800000000000000000e+01 -1.321966797081281841e+00
5.000000000000000000e+01 -1.334355745025401996e+00
5.200000000000000000e+01 -1.343469431036587114e+00
5.400000000000000000e+01 -1.349348955031207664e+00
5.600000000000000000e+01 -1.352038664944564372e+00
5.800000000000000000e+01 -1.351586051474151340e+00
6.000000000000000000e+01 -1.348041638616154003e+00
6.200000000000000000e+01 -1.341458870297363548e+00
6.400000000000000000e+01 -1.331893993410094179e+00
6.600000000000000000e+01 -1.319405937562155851e+00
6.800000000000000000e+01 -1.304056191857214442e+00
7.000000000000000000e+01 -1.285908679023143764e+00
7.200000000000000000e+01 -1.265029627207199914e+00
7.400000000000000000e+01 -1.241487439757026801e+00
7.600000000000000000e+01 -1.215352563305664102e+00
7.800000000000000000e+01 -1.186697354476954569e+00
8.000000000000000000e+01 -1.155595945524971802e+00
8.200000000000000000e+01 -1.122124109217415677e+00
8.400000000000000000e+01 -1.086359123268379356e+00
8.600000000000000000e+01 -1.048379634620466794e+00
8.800000000000000000e+01 -1.008265523870073510e+00
9.000000000000000000e+01 -9.660977701226257652e-01
9.200000000000000000e+01 -9.219583165569691374e-01
9.400000000000000000e+01 -8.759299369696882387e-01
9.600000000000000000e+01 -8.280961035612233179e-01
9.800000000000000000e+01 -7.785408562161263424e-01
1.000000000000000000e+02 -7.273486735197340902e-01
1.020000000000000000e+02 -6.746043457430644930e-01
1.040000000000000000e+02 -6.203928500167867899e-01
1.060000000000000000e+02 -5.647992279038932528e-01
1.080000000000000000e+02 -5.079084655690601080e-01
1.100000000000000000e+02 -4.498053767308764495e-01
1.120000000000000000e+02 -3.905744885710482062e-01
1.140000000000000000e+02 -3.302999307624912562e-01
1.160000000000000000e+02 -2.690653277658814346e-01
1.180000000000000000e+02 -2.069536945318772581e-01
1.200000000000000000e+02 -1.440473357337955229e-01
1.220000000000000000e+02 -8.042774864316766525e-02
1.240000000000000000e+02 -1.617552974829970444e-02
1.260000000000000000e+02 4.862971479627425236e-02
1.280000000000000000e+02 1.139094548135466262e-01
1.300000000000000000e+02 1.795863177770375685e-01
1.320000000000000000e+02 2.455841664606688568e-01
1.340000000000000000e+02 3.118281725245833913e-01
1.360000000000000000e+02 3.782448860070935504e-01
1.380000000000000000e+02 4.447623007037400100e-01
1.400000000000000000e+02 5.113099154249660661e-01
1.420000000000000000e+02 5.778187911340225691e-01
1.440000000000000000e+02 6.442216039764787627e-01
1.460000000000000000e+02 7.104526942221159880e-01
1.480000000000000000e+02 7.764481111489013321e-01
1.500000000000000000e+02 8.421456539073359782e-01
1.520000000000000000e+02 9.074849084115386155e-01
1.540000000000000000e+02 9.724072803111445396e-01
1.560000000000000000e+02 1.036856024105312635e+00
1.580000000000000000e+02 1.100776268466905128e+00
1.600000000000000000e+02 1.164115037851247036e+00
1.620000000000000000e+02 1.226821270469767189e+00
1.640000000000000000e+02 1.288845832714164752e+00
1.660000000000000000e+02 1.350141530121829581e+00
1.680000000000000000e+02 1.410663114977651622e+00
1.700000000000000000e+02 1.470367290651517278e+00
1.720000000000000000e+02 1.529212712774398852e+00
1.740000000000000000e+02 1.587159987359173519e+00
1.760000000000000000e+02 1.644171665975095120e+00
1.780000000000000000e+02 1.700212238087267957e+00
1.800000000000000000e+02 1.755248120674437251e+00
1.820000000000000000e+02 1.809247645240057656e+00
1.840000000000000000e+02 1.862181042332811565e+00
1.860000000000000000e+02 1.914020423693693518e+00
1.880000000000000000e+02 1.964739762147253765e+00
1.900000000000000000e+02 2.014314869354871362e+00
1.920000000000000000e+02 2.062723371547813933e+00
1.940000000000000000e+02 2.109944683357432016e+00
1.960000000000000000e+02 2.155959979859194853e+00
1.980000000000000000e+02 2.200752166946309707e+00
2.000000000000000000e+02 2.244305850147489512e+00
2.020000000000000000e+02 2.286607302002023889e+00
2.040000000000000000e+02 2.327644428103626595e+00
2.060000000000000000e+02 2.367406731922729879e+00
2.080000000000000000e+02 2.405885278514853454e+00
2.100000000000000000e+02 2.443072657220453081e+00
2.120000000000000000e+02 2.478962943459313450e+00
2.140000000000000000e+02 2.513551659720063114e+00
2.160000000000000000e+02 2.546835735842691850e+00
2.180000000000000000e+02 2.578813468689315602e+00
2.200000000000000000e+02 2.609484481295481384e+00
2.220000000000000000e+02 2.638849681591447283e+00
2.240000000000000000e+02 2.666911220779847991e+00
2.260000000000000000e+02 2.693672451453084538e+00
2.280000000000000000e+02 2.719137885530646948e+00
2.300000000000000000e+02 2.743313152093485030e+00
2.320000000000000000e+02 2.766204955189272674e+00
2.340000000000000000e+02 2.787821031679287742e+00
2.360000000000000000e+02 2.808170109194388253e+00
2.380000000000000000e+02 2.827261864264324576e+00
2.400000000000000000e+02 2.845106880681515182e+00
2.420000000000000000e+02 2.861716608157162778e+00
2.440000000000000000e+02 2.877103321324418594e+00
2.460000000000000000e+02 2.891280079140293502e+00
2.480000000000000000e+02 2.904260684734742526e+00
2.500000000000000000e+02 2.916059645752548946e+00
2.520000000000000000e+02 2.926692135230362091e+00
2.540000000000000000e+02 2.936173953048614838e+00
2.560000000000000000e+02 2.944521487994889775e+00
2.580000000000000000e+02 2.951751680472695760e+00
2.600000000000000000e+02 2.957881985886779752e+00
2.620000000000000000e+02 2.962930338733409386e+00
2.640000000000000000e+02 2.966915117421573989e+00
2.660000000000000000e+02 2.969855109848352992e+00
2.680000000000000000e+02 2.971769479749458931e+00
2.700000000000000000e+02 2.972677733843402947e+00
2.720000000000000000e+02 2.972599689785610177e+00
2.740000000000000000e+02 2.971555444946503144e+00
2.760000000000000000e+02 2.969565346025490271e+00
2.780000000000000000e+02 2.966649959510789802e+00
2.800000000000000000e+02 2.962830042993014334e+00
2.820000000000000000e+02 2.958126517338630634e+00
2.840000000000000000e+02 2.952560439727571318e+00
2.860000000000000000e+02 2.946152977557630503e+00
2.880000000000000000e+02 2.938925383216631104e+00
2.900000000000000000e+02 2.930898969721797087e+00
2.920000000000000000e+02 2.922095087224359844e+00
2.940000000000000000e+02 2.912535100376011599e+00
2.960000000000000000e+02 2.902240366552517603e+00
2.980000000000000000e+02 2.891232214928654010e+00
3.000000000000000000e+02 2.879531926397356223e+00
3.020000000000000000e+02 2.867160714325032167e+00
3.040000000000000000e+02 2.854139706133935306e+00
3.060000000000000000e+02 2.840489925701497498e+00
3.080000000000000000e+02 2.826232276565806334e+00
3.100000000000000000e+02 2.811387525925481690e+00
3.120000000000000000e+02 2.795976289421541416e+00
3.140000000000000000e+02 2.780019016688175526e+00
3.160000000000000000e+02 2.763535977658685638e+00
3.180000000000000000e+02 2.746547249612377062e+00
3.200000000000000000e+02 2.729072704947644645e+00
3.220000000000000000e+02 2.711131999666001047e+00
3.240000000000000000e+02 2.692744562551558918e+00
3.260000000000000000e+02 2.673929585029936273e+00
3.280000000000000000e+02 2.654706011690438405e+00
3.300000000000000000e+02 2.635092531454980236e+00
3.320000000000000000e+02 2.615107569377137953e+00
3.340000000000000000e+02 2.594769279054400357e+00
3.360000000000000000e+02 2.574095535636706789e+00
3.380000000000000000e+02 2.553103929414208384e+00
3.400000000000000000e+02 2.531811759967059761e+00
3.420000000000000000e+02 2.510236030860216516e+00
3.440000000000000000e+02 2.488393444865992787e+00
3.460000000000000000e+02 2.466300399697361811e+00
3.480000000000000000e+02 2.443972984234940249e+00
3.500000000000000000e+02 2.421426975230732470e+00
3.520000000000000000e+02 2.398677834471798942e+00
3.540000000000000000e+02 2.375740706387202916e+00
3.560000000000000000e+02 2.352630416081683773e+00
3.580000000000000000e+02 2.329361467779743844e+00
3.600000000000000000e+02 2.305948043663973657e+00
3.620000000000000000e+02 2.282404003091738964e+00
3.640000000000000000e+02 2.258742882174482158e+00
3.660000000000000000e+02 2.234977893704216623e+00
3.680000000000000000e+02 2.211121927411997756e+00
3.700000000000000000e+02 2.187187550543455039e+00
3.720000000000000000e+02 2.163187008736709327e+00
3.740000000000000000e+02 2.139132227188346391e+00
3.760000000000000000e+02 2.115034812093327776e+00
3.780000000000000000e+02 2.090906052345115729e+00
3.800000000000000000e+02 2.066756921482526543e+00
3.820000000000000000e+02 2.042598079870146410e+00
3.840000000000000000e+02 2.018439877099540869e+00
3.860000000000000000e+02 1.994292354598661943e+00
3.880000000000000000e+02 1.970165248437356187e+00
3.900000000000000000e+02 1.946067992317036310e+00
3.920000000000000000e+02 1.922009720733044436e+00
3.940000000000000000e+02 1.897999272298448226e+00
3.960000000000000000e+02 1.874045193218439875e+00
3.980000000000000000e+02 1.850155740904751323e+00
4.000000000000000000e+02 1.826338887719863413e+00
4.020000000000000000e+02 1.802602324841140247e+00
4.040000000000000000e+02 1.778953466235260850e+00
4.060000000000000000e+02 1.755399452733713117e+00
4.080000000000000000e+02 1.731947156200418281e+00
4.100000000000000000e+02 1.708603183782825718e+00
4.120000000000000000e+02 1.685373882238170085e+00
4.140000000000000000e+02 1.662265342326885387e+00
4.160000000000000000e+02 1.639283403265434202e+00
4.180000000000000000e+02 1.616433657231171050e+00
4.200000000000000000e+02 1.593721453912069430e+00
4.220000000000000000e+02 1.571151905094503087e+00
4.240000000000000000e+02 1.548729889282527639e+00
4.260000000000000000e+02 1.526460056342348048e+00
4.280000000000000000e+02 1.504346832165986303e+00
4.300000000000000000e+02 1.482394423348415646e+00
4.320000000000000000e+02 1.460606821872621364e+00
4.340000000000000000e+02 1.438987809797428463e+00
4.360000000000000000e+02 1.417540963943044297e+00
4.380000000000000000e+02 1.396269660569621873e+00
4.400000000000000000e+02 1.375177080044292177e+00
4.420000000000000000e+02 1.354266211492437533e+00
4.440000000000000000e+02 1.333539857429102193e+00
4.460000000000000000e+02 1.313000638366728534e+00
4.480000000000000000e+02 1.292650997395598411e+00
4.500000000000000000e+02 1.272493204733538885e+00
4.520000000000000000e+02 1.252529362241683097e+00
4.540000000000000000e+02 1.232761407903257167e+00
4.560000000000000000e+02 1.213191120262553824e+00
4.580000000000000000e+02 1.193820122821424246e+00
4.600000000000000000e+02 1.174649888390815189e+00
4.620000000000000000e+02 1.155681743395029493e+00
4.640000000000000000e+02 1.136916872126565448e+00
4.660000000000000000e+02 1.118356320949533966e+00
4.680000000000000000e+02 1.100001002449829457e+00
4.700000000000000000e+02 1.081851699530338440e+00
4.720000000000000000e+02 1.063909069449669564e+00
4.740000000000000000e+02 1.046173647802953965e+00
4.760000000000000000e+02 1.028645852443460296e+00
4.780000000000000000e+02 1.011325987343863364e+00
4.800000000000000000e+02 9.942142463961193277e-01
4.820000000000000000e+02 9.773107171490426071e-01
4.840000000000000000e+02 9.606153844827726163e-01
4.860000000000000000e+02 9.441281342194258741e-01
4.880000000000000000e+02 9.278487566693459643e-01
4.900000000000000000e+02 9.117769501124382003e-01
4.920000000000000000e+02 8.959123242141837640e-01
4.940000000000000000e+02 8.802544033760371089e-01
4.960000000000000000e+02 8.648026300199295191e-01
4.980000000000000000e+02 8.495563678067834523e-01
5.000000000000000000e+02 8.345149047889018901e-01
5.020000000000000000e+02 8.196774564962862053e-01
5.040000000000000000e+02 8.050431689569055305e-01
5.060000000000000000e+02 7.906111216510839368e-01
5.080000000000000000e+02 7.763803304001735128e-01
5.100000000000000000e+02 7.623497501897957829e-01
5.120000000000000000e+02 7.485182779279327958e-01
5.140000000000000000e+02 7.348847551382525767e-01
5.160000000000000000e+02 7.214479705890688432e-01
5.180000000000000000e+02 7.082066628584019474e-01
5.200000000000000000e+02 6.951595228356288736e-01
5.220000000000000000e+02 6.823051961602820681e-01
5.240000000000000000e+02 6.696422855985683098e-01
5.260000000000000000e+02 6.571693533582214641e-01
5.280000000000000000e+02 6.448849233423445959e-01
5.300000000000000000e+02 6.327874833429202317e-01
5.320000000000000000e+02 6.208754871746902104e-01
5.340000000000000000e+02 6.091473567501477504e-01
5.360000000000000000e+02 5.976014840964000152e-01
5.380000000000000000e+02 5.862362333146667881e-01
5.400000000000000000e+02 5.750499424832380413e-01
5.420000000000000000e+02 5.640409255046889836e-01
5.440000000000000000e+02 5.532074738981940243e-01
5.460000000000000000e+02 5.425478585377930818e-01
5.480000000000000000e+02 5.320603313374601129e-01
5.500000000000000000e+02 5.217431268838622627e-01
5.520000000000000000e+02 5.115944640176739444e-01
5.540000000000000000e+02 5.016125473643539001e-01
5.560000000000000000e+02 4.917955688152692018e-01
5.580000000000000000e+02 4.821417089600805173e-01
5.600000000000000000e+02 4.726491384712860899e-01
5.620000000000000000e+02 4.633160194418463051e-01
5.640000000000000000e+02 4.541405066767918441e-01
5.660000000000000000e+02 4.451207489397329131e-01
5.680000000000000000e+02 4.362548901551867586e-01
5.700000000000000000e+02 4.275410705676303547e-01
5.720000000000000000e+02 4.189774278581926414e-01
5.740000000000000000e+02 4.105620982198944224e-01
5.760000000000000000e+02 4.022932173923403076e-01
5.780000000000000000e+02 3.941689216567570986e-01
5.800000000000000000e+02 3.861873487922857229e-01
5.820000000000000000e+02 3.783466389944000197e-01
5.840000000000000000e+02 3.706449357563547653e-01
5.860000000000000000e+02 3.630803867145154795e-01
5.880000000000000000e+02 3.556511444584596338e-01
5.900000000000000000e+02 3.483553673066979717e-01
5.920000000000000000e+02 3.411912200488665947e-01
5.940000000000000000e+02 3.341568746552420199e-01
5.960000000000000000e+02 3.272505109544017188e-01
5.980000000000000000e+02 3.204703172798592514e-01
6.000000000000000000e+02 3.138144910864875681e-01
6.020000000000000000e+02 3.072812395375328909e-01
6.040000000000000000e+02 3.008687800630089337e-01
6.060000000000000000e+02 2.945753408902554993e-01
6.080000000000000000e+02 2.883991615474309489e-01
6.100000000000000000e+02 2.823384933406959951e-01
6.120000000000000000e+02 2.763915998058367185e-01
6.140000000000000000e+02 2.705567571350603329e-01
6.160000000000000000e+02 2.648322545796918948e-01
6.180000000000000000e+02 2.592163948294735620e-01
6.200000000000000000e+02 2.537074943691746687e-01
6.220000000000000000e+02 2.483038838131953197e-01
6.240000000000000000e+02 2.430039082188363286e-01
6.260000000000000000e+02 2.378059273788999117e-01
6.280000000000000000e+02 2.327083160942691742e-01
6.300000000000000000e+02 2.277094644271054069e-01
6.320000000000000000e+02 2.228077779352852228e-01
6.340000000000000000e+02 2.180016778886898487e-01
6.360000000000000000e+02 2.132896014679492025e-01
6.380000000000000000e+02 2.086700019462250644e-01
6.400000000000000000e+02 2.041413488546095778e-01
6.420000000000000000e+02 1.997021281317014341e-01
6.440000000000000000e+02 1.953508422579117720e-01
6.460000000000000000e+02 1.910860103750336436e-01
6.480000000000000000e+02 1.869061683916087568e-01
6.500000000000000000e+02 1.828098690745976196e-01
6.520000000000000000e+02 1.787956821278609554e-01
6.540000000000000000e+02 1.748621942579423882e-01
6.560000000000000000e+02 1.710080092276283492e-01
6.580000000000000000e+02 1.672317478977557725e-01
6.600000000000000000e+02 1.635320482577228840e-01
6.620000000000000000e+02 1.599075654451460882e-01
6.640000000000000000e+02 1.563569717550996052e-01
6.660000000000000000e+02 1.528789566393565502e-01
6.680000000000000000e+02 1.494722266960474555e-01
6.700000000000000000e+02 1.461355056501335015e-01
6.720000000000000000e+02 1.428675343250877527e-01
6.740000000000000000e+02 1.396670706061607647e-01
6.760000000000000000e+02 1.365328893956048728e-01
6.780000000000000000e+02 1.334637825602140448e-01
6.800000000000000000e+02 1.304585588715277134e-01
6.820000000000000000e+02 1.275160439390422007e-01
6.840000000000000000e+02 1.246350801367566985e-01
6.860000000000000000e+02 1.218145265233769869e-01
6.880000000000000000e+02 1.190532587564857026e-01
6.900000000000000000e+02 1.163501690009853123e-01
6.920000000000000000e+02 1.137041658321025356e-01
6.940000000000000000e+02 1.111141741332450639e-01
6.960000000000000000e+02 1.085791349889793644e-01
6.980000000000000000e+02 1.060980055734038335e-01
7.000000000000000000e+02 1.036697590341719433e-01
7.020000000000000000e+02 1.012933843724191374e-01
7.040000000000000000e+02 9.896788631883610132e-02
7.060000000000000000e+02 9.669228520612262179e-02
7.080000000000000000e+02 9.446561683805322629e-02
7.100000000000000000e+02 9.228693235537037409e-02
7.120000000000000000e+02 9.015529809872252498e-02
7.140000000000000000e+02 8.806979546885010390e-02
7.160000000000000000e+02 8.602952078422063109e-02
7.180000000000000000e+02 8.403358513630278248e-02
7.200000000000000000e+02 8.208111424266793799e-02
7.220000000000000000e+02 8.017124829809502140e-02
7.240000000000000000e+02 7.830314182385397781e-02
7.260000000000000000e+02 7.647596351533256231e-02
7.280000000000000000e+02 7.468889608816815795e-02
7.300000000000000000e+02 7.294113612303862459e-02
7.320000000000000000e+02 7.123189390926004672e-02
7.340000000000000000e+02 6.956039328733780447e-02
7.360000000000000000e+02 6.792587149060377860e-02
7.380000000000000000e+02 6.632757898607698210e-02
7.400000000000000000e+02 6.476477931467151949e-02
7.420000000000000000e+02 6.323674893087619098e-02
7.440000000000000000e+02 6.174277704202090628e-02
7.460000000000000000e+02 6.028216544724513543e-02
7.480000000000000000e+02 5.885422837627413140e-02
7.500000000000000000e+02 5.745829232810655690e-02
7.520000000000000000e+02 5.609369590971368530e-02
7.540000000000000000e+02 5.475978967484387144e-02
7.560000000000000000e+02 5.345593596302268546e-02
7.580000000000000000e+02 5.218150873883587587e-02
7.600000000000000000e+02 5.093589343157797766e-02
7.620000000000000000e+02 4.971848677534396188e-02
7.640000000000000000e+02 4.852869664964086505e-02
7.660000000000000000e+02 4.736594192058933561e-02
7.680000000000000000e+02 4.622965228278465982e-02
7.700000000000000000e+02 4.511926810188079257e-02
7.720000000000000000e+02 4.403424025795914937e-02
7.740000000000000000e+02 4.297402998974131361e-02
7.760000000000000000e+02 4.193810873969956721e-02
7.780000000000000000e+02 4.092595800011841756e-02
7.800000000000000000e+02 3.993706916015646313e-02
7.820000000000000000e+02 3.897094335395469983e-02
7.840000000000000000e+02 3.802709130983598917e-02
7.860000000000000000e+02 3.710503320063672505e-02
7.880000000000000000e+02 3.620429849520900856e-02
7.900000000000000000e+02 3.532442581113090507e-02
7.920000000000000000e+02 3.446496276865784053e-02
7.940000000000000000e+02 3.362546584594761079e-02
7.960000000000000000e+02 3.280550023558836958e-02
7.980000000000000000e+02 3.200463970245703837e-02
8.000000000000000000e+02 3.122246644293416584e-02
8.020000000000000000e+02 3.045857094549831931e-02
8.040000000000000000e+02 2.971255185272167129e-02
8.060000000000000000e+02 2.898401582468694906e-02
8.080000000000000000e+02 2.827257740384377105e-02
8.100000000000000000e+02 2.757785888132040578e-02
8.120000000000000000e+02 2.689949016470635779e-02
8.140000000000000000e+02 2.623710864731871456e-02
8.160000000000000000e+02 2.559035907896372794e-02
8.180000000000000000e+02 2.495889343820444084e-02
8.200000000000000000e+02 2.434237080614300858e-02
8.220000000000000000e+02 2.374045724172531638e-02
8.240000000000000000e+02 2.315282565857403052e-02
8.260000000000000000e+02 2.257915570335587360e-02
8.280000000000000000e+02 2.201913363568605911e-02
8.300000000000000000e+02 2.147245220957341716e-02
8.320000000000000000e+02 2.093881055640775882e-02
8.340000000000000000e+02 2.041791406949007223e-02
8.360000000000000000e+02 1.990947429010525571e-02
8.380000000000000000e+02 1.941320879513666955e-02
8.400000000000000000e+02 1.892884108621954373e-02
8.420000000000000000e+02 1.845610048043111809e-02
8.440000000000000000e+02 1.799472200251321652e-02
8.460000000000000000e+02 1.754444627862293202e-02
8.480000000000000000e+02 1.710501943160626717e-02
8.500000000000000000e+02 1.667619297778825255e-02
8.520000000000000000e+02 1.625772372527371779e-02
8.540000000000000000e+02 1.584937367375057957e-02
8.560000000000000000e+02 1.545090991578844559e-02
8.580000000000000000e+02 1.506210453962360425e-02
8.600000000000000000e+02 1.468273453342194661e-02
8.620000000000000000e+02 1.431258169100971429e-02
8.640000000000000000e+02 1.395143251906292604e-02
8.660000000000000000e+02 1.359907814574414994e-02
8.680000000000000000e+02 1.325531423077666235e-02
8.700000000000000000e+02 1.291994087694417655e-02
8.720000000000000000e+02 1.259276254300492094e-02
8.740000000000000000e+02 1.227358795800790464e-02
8.760000000000000000e+02 1.196223003699924646e-02
8.780000000000000000e+02 1.165850579810598364e-02
8.800000000000000000e+02 1.136223628098449213e-02
8.820000000000000000e+02 1.107324646662046115e-02
8.840000000000000000e+02 1.079136519846705250e-02
8.860000000000000000e+02 1.051642510490775201e-02
8.880000000000000000e+02 1.024826252303012893e-02
8.900000000000000000e+02 9.986717423696457249e-03
8.920000000000000000e+02 9.731633337897461697e-03
8.940000000000000000e+02 9.482857284374425835e-03
8.960000000000000000e+02 9.240239698495701301e-03
8.980000000000000000e+02 9.003634362372914604e-03
9.000000000000000000e+02 8.772898336202390041e-03
9.020000000000000000e+02 8.547891890816842336e-03
9.040000000000000000e+02 8.328478441433069188e-03
9.060000000000000000e+02 8.114524482580211598e-03
9.080000000000000000e+02 7.905899524194168193e-03
9.100000000000000000e+02 7.702476028862997696e-03
9.120000000000000000e+02 7.504129350208487217e-03
9.140000000000000000e+02 7.310737672388840230e-03
9.160000000000000000e+02 7.122181950707592510e-03
9.180000000000000000e+02 6.938345853313672602e-03
9.200000000000000000e+02 6.759115703977838265e-03
9.220000000000000000e+02 6.584380425930319580e-03
9.240000000000000000e+02 6.414031486745007740e-03
9.260000000000000000e+02 6.247962844255166778e-03
9.280000000000000000e+02 6.086070893485867606e-03
9.300000000000000000e+02 5.928254414588471181e-03
9.320000000000000000e+02 5.774414521762354958e-03
9.340000000000000000e+02 5.624454613149312658e-03
9.360000000000000000e+02 5.478280321685949882e-03
9.380000000000000000e+02 5.335799466899873375e-03
9.400000000000000000e+02 5.196922007634835125e-03
9.420000000000000000e+02 5.061559995690945689e-03
9.440000000000000000e+02 4.929627530365452738e-03
9.460000000000000000e+02 4.801040713880125495e-03
9.480000000000000000e+02 4.675717607681131351e-03
9.500000000000000000e+02 4.553578189597607545e-03
9.520000000000000000e+02 4.434544311844992003e-03
9.540000000000000000e+02 4.318539659859573811e-03
9.560000000000000000e+02 4.205489711950632752e-03
9.580000000000000000e+02 4.095321699756705562e-03
9.600000000000000000e+02 3.987964569492753394e-03
9.620000000000000000e+02 3.883348943974916905e-03
9.640000000000000000e+02 3.781407085409978219e-03
9.660000000000000000e+02 3.682072858936410054e-03
9.680000000000000000e+02 3.585281696904366305e-03
9.700000000000000000e+02 3.490970563881888589e-03
9.720000000000000000e+02 3.399077922374852626e-03
9.740000000000000000e+02 3.309543699248235996e-03
9.760000000000000000e+02 3.222309252836522576e-03
9.780000000000000000e+02 3.137317340731087152e-03
9.800000000000000000e+02 3.054512088232676052e-03
9.820000000000000000e+02 2.973838957457136927e-03
9.840000000000000000e+02 2.895244717082719969e-03
9.860000000000000000e+02 2.818677412727503551e-03
9.880000000000000000e+02 2.744086337945448716e-03
9.900000000000000000e+02 2.671422005830059645e-03
9.920000000000000000e+02 2.600636121214326257e-03
9.940000000000000000e+02 2.531681553456215789e-03
9.960000000000000000e+02 2.464512309798838358e-03
9.980000000000000000e+02 2.399083509294657433e-03
1.000000000000000000e+03 2.335351357283291327e-03
1.002000000000000000e+03 2.273273120412503453e-03
1.004000000000000000e+03 2.212807102192255321e-03
1.006000000000000000e+03 2.153912619071714045e-03
1.008000000000000000e+03 2.096549977029333808e-03
1.010000000000000000e+03 2.040680448666250431e-03
1.012000000000000000e+03 1.986266250793383877e-03
1.014000000000000000e+03 1.933270522502726803e-03
1.016000000000000000e+03 1.881657303713589555e-03
1.018000000000000000e+03 1.831391514184501539e-03
1.020000000000000000e+03 1.782438932981797192e-03
1.022000000000000000e+03 1.734766178395968136e-03
1.024000000000000000e+03 1.688340688296999020e-03
1.026000000000000000e+03 1.643130700920086970e-03
1.028000000000000000e+03 1.599105236073225175e-03
1.030000000000000000e+03 1.556234076758336539e-03
1.032000000000000000e+03 1.514487751197700523e-03
1.034000000000000000e+03 1.473837515257637315e-03
1.036000000000000000e+03 1.434255335261435099e-03
1.038000000000000000e+03 1.395713871183794840e-03
1.040000000000000000e+03 1.358186460218993715e-03
1.042000000000000000e+03 1.321647100715331270e-03
1.044000000000000000e+03 1.286070436468323341e-03
1.046000000000000000e+03 1.251431741365406029e-03
1.048000000000000000e+03 1.217706904374948234e-03
1.050000000000000000e+03 1.184872414872529568e-03
1.052000000000000000e+03 1.152905348297543877e-03
1.054000000000000000e+03 1.121783352133328034e-03
1.056000000000000000e+03 1.091484632204123674e-03
1.058000000000000000e+03 1.061987939282305060e-03
1.060000000000000000e+03 1.033272555999406898e-03
1.062000000000000000e+03 1.005318284054636420e-03
1.064000000000000000e+03 9.781054317146333898e-04
1.066000000000000000e+03 9.516148015983498043e-04
1.068000000000000000e+03 9.258276787410987503e-04
1.070000000000000000e+03 9.007258189318312087e-04
1.072000000000000000e+03 8.762914373178867268e-04
1.074000000000000000e+03 8.525071972715390174e-04
1.076000000000000000e+03 8.293561995127706225e-04
1.078000000000000000e+03 8.068219714828048922e-04
1.080000000000000000e+03 7.848884569630374753e-04
1.082000000000000000e+03 7.635400059341067736e-04
1.084000000000000000e+03 7.427613646699451596e-04
1.086000000000000000e+03 7.225376660617359144e-04
1.088000000000000000e+03 7.028544201668283486e-04
1.090000000000000000e+03 6.836975049777227606e-04
1.092000000000000000e+03 6.650531574063516015e-04
1.094000000000000000e+03 6.469079644789918482e-04
1.096000000000000000e+03 6.292488547371817521e-04
1.098000000000000000e+03 6.120630898401649683e-04
1.100000000000000000e+03 5.953382563644343990e-04
1.102000000000000000e+03 5.790622577960530390e-04
1.104000000000000000e+03 5.632233067115000134e-04
1.106000000000000000e+03 5.478099171428928941e-04
1.108000000000000000e+03 5.328108971235032956e-04
1.110000000000000000e+03 5.182153414095748032e-04
1.112000000000000000e+03 5.040126243745225417e-04
1.114000000000000000e+03 4.901923930716841141e-04
1.116000000000000000e+03 4.767445604618671573e-04
1.118000000000000000e+03 4.636592988019881982e-04
1.120000000000000000e+03 4.509270331912361104e-04
1.122000000000000000e+03 4.385384352711829020e-04
1.124000000000000000e+03 4.264844170764049117e-04
1.126000000000000000e+03 4.147561250322223799e-04
1.128000000000000000e+03 4.033449340962246108e-04
1.130000000000000000e+03 3.922424420403415081e-04
1.132000000000000000e+03 3.814404638702680777e-04
1.134000000000000000e+03 3.709310263791277943e-04
1.136000000000000000e+03 3.607063628323157046e-04
1.138000000000000000e+03 3.507589077805396542e-04
1.140000000000000000e+03 3.410812919981258428e-04
1.142000000000000000e+03 3.316663375437220776e-04
1.144000000000000000e+03 3.225070529406033788e-04
1.146000000000000000e+03 3.135966284738179338e-04
1.148000000000000000e+03 3.049284316015063163e-04
1.150000000000000000e+03 2.964960024777447229e-04
1.152000000000000000e+03 2.882930495843465156e-04
1.154000000000000000e+03 2.803134454691055301e-04
1.156000000000000000e+03 2.725512225880090595e-04
1.158000000000000000e+03 2.650005692490139107e-04
1.160000000000000000e+03 2.576558256550208329e-04
1.162000000000000000e+03 2.505114800437431739e-04
1.164000000000000000e+03 2.435621649222053243e-04
1.166000000000000000e+03 2.368026533936634344e-04
1.168000000000000000e+03 2.302278555747870462e-04
1.170000000000000000e+03 2.238328151009854672e-04
1.172000000000000000e+03 2.176127057178087925e-04
1.174000000000000000e+03 2.115628279564064971e-04
1.176000000000000000e+03 2.056786058910546318e-04
1.178000000000000000e+03 1.999555839768278381e-04
1.180000000000000000e+03 1.943894239655133839e-04
1.182000000000000000e+03 1.889759018979250487e-04
1.184000000000000000e+03 1.837109051708013649e-04
1.186000000000000000e+03 1.785904296765219112e-04
1.188000000000000000e+03 1.736105770139113283e-04
1.190000000000000000e+03 1.687675517684382096e-04
1.192000000000000000e+03 1.640576588601575718e-04
1.194000000000000000e+03 1.594773009577795493e-04
1.196000000000000000e+03 1.550229759572835971e-04
1.198000000000000000e+03 1.506912745235329998e-04
1.200000000000000000e+03 1.464788776933850008e-04
1.202000000000000000e+03 1.423825545388129063e-04
1.204000000000000000e+03 1.383991598886051100e-04
1.206000000000000000e+03 1.345256321072270248e-04
1.208000000000000000e+03 1.307589909294713695e-04
1.210000000000000000e+03 1.270963353495496067e-04
1.212000000000000000e+03 1.235348415633086099e-04
1.214000000000000000e+03 1.200717609622885121e-04
1.216000000000000000e+03 1.167044181783657818e-04
1.218000000000000000e+03 1.134302091777539652e-04
1.220000000000000000e+03 1.102465994031634033e-04
1.222000000000000000e+03 1.071511219629494286e-04
1.224000000000000000e+03 1.041413758661034641e-04
1.226000000000000000e+03 1.012150243019733153e-04
1.228000000000000000e+03 9.836979296361403498e-05
1.230000000000000000e+03 9.560346841370982382e-05
1.232000000000000000e+03 9.291389649202073822e-05
1.234000000000000000e+03 9.029898076333913544e-05
1.236000000000000000e+03 8.775668100496074764e-05
1.238000000000000000e+03 8.528501173270108132e-05
1.240000000000000000e+03 8.288204076450824808e-05
1.242000000000000000e+03 8.054588782074718575e-05
1.244000000000000000e+03 7.827472316025198013e-05
1.246000000000000000e+03 7.606676625126193093e-05
1.248000000000000000e+03 7.392028447638167071e-05
1.250000000000000000e+03 7.183359187072177357e-05
1.252000000000000000e+03 6.980504789240061657e-05
1.254000000000000000e+03 6.783305622460265025e-05
1.256000000000000000e+03 6.591606360841157156e-05
1.258000000000000000e+03 6.405255870565364370e-05
1.260000000000000000e+03 6.224107099100393084e-05
1.262000000000000000e+03 6.048016967262769038e-05
1.264000000000000000e+03 5.876846264064521872e-05
1.266000000000000000e+03 5.710459544272531915e-05
1.268000000000000000e+03 5.548725028613120890e-05
1.270000000000000000e+03 5.391514506555484572e-05
1.272000000000000000e+03 5.238703241609714187e-05
1.274000000000000000e+03 5.090169879076102025e-05
1.276000000000000000e+03 4.945796356184369486e-05
1.278000000000000000e+03 4.805467814562911324e-05
1.280000000000000000e+03 4.669072514979217116e-05
1.282000000000000000e+03 4.536501754294516137e-05
1.284000000000000000e+03 4.407649784576799065e-05
1.286000000000000000e+03 4.282413734317810575e-05
1.288000000000000000e+03 4.160693531700898428e-05
1.290000000000000000e+03 4.042391829867864392e-05
1.292000000000000000e+03 3.927413934134341942e-05
1.294000000000000000e+03 3.815667731104275363e-05
1.296000000000000000e+03 3.707063619635466714e-05
1.298000000000000000e+03 3.601514443609147106e-05
1.300000000000000000e+03 3.498935426457869128e-05
1.302000000000000000e+03 3.399244107406881860e-05
1.304000000000000000e+03 3.302360279385635998e-05
1.306000000000000000e+03 3.208205928566645936e-05
1.308000000000000000e+03 3.116705175490362771e-05
1.310000000000000000e+03 3.027784217735611725e-05
1.312000000000000000e+03 2.941371274096076169e-05
1.314000000000000000e+03 2.857396530224353982e-05
1.316000000000000000e+03 2.775792085706065389e-05
1.318000000000000000e+03 2.696491902527376765e-05
1.320000000000000000e+03 2.619431754900243024e-05
1.322000000000000000e+03 2.544549180410533539e-05
1.324000000000000000e+03 2.471783432455091140e-05
1.326000000000000000e+03 2.401075433934620121e-05
1.328000000000000000e+03 2.332367732170026266e-05
1.330000000000000000e+03 2.265604455010879507e-05
1.332000000000000000e+03 2.200731268105094387e-05
1.334000000000000000e+03 2.137695333300024952e-05
1.336000000000000000e+03 2.076445268145734504e-05
1.338000000000000000e+03 2.016931106471940590e-05
1.340000000000000000e+03 1.959104260010955574e-05
1.342000000000000000e+03 1.902917481039467220e-05
1.344000000000000000e+03 1.848324826012869444e-05
1.346000000000000000e+03 1.795281620166353097e-05
1.348000000000000000e+03 1.743744423057722230e-05
1.350000000000000000e+03 1.693670995027468418e-05
1.352000000000000000e+03 1.645020264552293763e-05
1.354000000000000000e+03 1.597752296468844021e-05
1.356000000000000000e+03 1.551828261044987990e-05
1.358000000000000000e+03 1.507210403876634513e-05
1.360000000000000000e+03 1.463862016588486409e-05
1.362000000000000000e+03 1.421747408317836221e-05
1.364000000000000000e+03 1.380831877960914717e-05
1.366000000000000000e+03 1.341081687161917547e-05
1.368000000000000000e+03 1.302464034025241327e-05
1.370000000000000000e+03 1.264947027532052535e-05
1.372000000000000000e+03 1.228499662642724718e-05
1.374000000000000000e+03 1.193091796067174913e-05
1.376000000000000000e+03 1.158694122685590754e-05
1.378000000000000000e+03 1.125278152602476489e-05
1.380000000000000000e+03 1.092816188817380657e-05
1.382000000000000000e+03 1.061281305496094573e-05
1.384000000000000000e+03 1.030647326826563920e-05
1.386000000000000000e+03 1.000888806444066456e-05
1.388000000000000000e+03 9.719810074107016265e-06
1.390000000000000000e+03 9.438998827345670595e-06
1.392000000000000000e+03 9.166220564143917740e-06
1.394000000000000000e+03 8.901248049957471352e-06
1.396000000000000000e+03 8.643860396253311409e-06
1.398000000000000000e+03 8.393842885901511172e-06
1.400000000000000000e+03 8.150986803287817623e-06
1.402000000000000000e+03 7.915089269022049717e-06
1.404000000000000000e+03 7.685953079120468756e-06
1.406000000000000000e+03 7.463386548543654010e-06
1.408000000000000000e+03 7.247203358974178888e-06
1.410000000000000000e+03 7.037222410721796499e-06
1.412000000000000000e+03 6.833267678646140592e-06
1.414000000000000000e+03 6.635168071990466462e-06
1.416000000000000000e+03 6.442757298022230659e-06
1.418000000000000000e+03 6.255873729379239939e-06
1.420000000000000000e+03 6.074360275022646085e-06
1.422000000000000000e+03 5.898064254700650878e-06
1.424000000000000000e+03 5.726837276829336807e-06
1.426000000000000000e+03 5.560535119699376870e-06
1.428000000000000000e+03 5.399017615919775659e-06
1.430000000000000000e+03 5.242148540012260449e-06
1.432000000000000000e+03 5.089795499071961206e-06
1.434000000000000000e+03 4.941829826412277450e-06
1.436000000000000000e+03 4.798126478114320199e-06
1.438000000000000000e+03 4.658563932402753780e-06
1.440000000000000000e+03 4.523024091772454213e-06
1.442000000000000000e+03 4.391392187792215234e-06
1.444000000000000000e+03 4.263556688513544793e-06
1.446000000000000000e+03 4.139409208414656581e-06
1.448000000000000000e+03 4.018844420811497532e-06
1.450000000000000000e+03 3.901759972669444573e-06
1.452000000000000000e+03 3.788056401751125863e-06
1.454000000000000000e+03 3.677637056037414196e-06
1.456000000000000000e+03 3.570408015360360539e-06
1.458000000000000000e+03 3.466278015188521303e-06
1.460000000000000000e+03 3.365158372506403481e-06
1.462000000000000000e+03 3.266962913731849865e-06
1.464000000000000000e+03 3.171607904615959530e-06
1.466000000000000000e+03 3.079011982072251623e-06
1.468000000000000000e+03 2.989096087882747871e-06
1.470000000000000000e+03 2.901783404230285648e-06
1.472000000000000000e+03 2.816999291007560148e-06
1.474000000000000000e+03 2.734671224854847311e-06
1.476000000000000000e+03 2.654728739879474237e-06
1.478000000000000000e+03 2.577103370011509071e-06
1.480000000000000000e+03 2.501728592951224005e-06
1.482000000000000000e+03 2.428539775665158130e-06
1.484000000000000000e+03 2.357474121388694863e-06
1.486000000000000000e+03 2.288470618094180874e-06
1.488000000000000000e+03 2.221469988384838629e-06
1.490000000000000000e+03 2.156414640775542064e-06
1.492000000000000000e+03 2.093248622322790397e-06
1.494000000000000000e+03 2.031917572567111620e-06
1.496000000000000000e+03 1.972368678752122953e-06
1.498000000000000000e+03 1.914550632285421639e-06
1.500000000000000000e+03 1.858413586407456743e-06
1.502000000000000000e+03 1.803909115035375832e-06
1.504000000000000000e+03 1.750990172749788668e-06
1.506000000000000000e+03 1.699611055893169322e-06
1.508000000000000000e+03 1.649727364749555558e-06
1.510000000000000000e+03 1.601295966775927076e-06
1.512000000000000000e+03 1.554274960856478318e-06
1.514000000000000000e+03 1.508623642551821473e-06
1.516000000000000000e+03 1.464302470315786551e-06
1.518000000000000000e+03 1.421273032653353631e-06
1.520000000000000000e+03 1.379498016193866030e-06
1.522000000000000000e+03 1.338941174654434881e-06
1.524000000000000000e+03 1.299567298669077441e-06
1.526000000000000000e+03 1.261342186459809327e-06
1.528000000000000000e+03 1.224232615326554608e-06
1.530000000000000000e+03 1.188206313933360894e-06
1.532000000000000000e+03 1.153231935369000946e-06
1.534000000000000000e+03 1.119279030960655194e-06
1.536000000000000000e+03 1.086318024819930892e-06
1.538000000000000000e+03 1.054320189101048785e-06
1.540000000000000000e+03 1.023257619951538295e-06
1.542000000000000000e+03 9.931032141363946228e-07
1.544000000000000000e+03 9.638306463170494974e-07
1.546000000000000000e+03 9.354143469671292213e-07
1.548000000000000000e+03 9.078294809073860729e-07
1.550000000000000000e+03 8.810519264426980805e-07
1.552000000000000000e+03 8.550582550844979466e-07
1.554000000000000000e+03 8.298257118424329951e-07
1.556000000000000000e+03 8.053321960694965627e-07
1.558000000000000000e+03 7.815562428453235735e-07
1.560000000000000000e+03 7.584770048827289646e-07
1.562000000000000000e+03 7.360742349429907216e-07
1.564000000000000000e+03 7.143282687457844870e-07
1.566000000000000000e+03 6.932200083600227107e-07
1.568000000000000000e+03 6.727309060622918820e-07
1.570000000000000000e+03 6.528429486498590972e-07
1.572000000000000000e+03 6.335386421956606315e-07
1.574000000000000000e+03 6.148009972329641729e-07
1.576000000000000000e+03 5.966135143577738346e-07
1.578000000000000000e+03 5.789601702373498803e-07
1.580000000000000000e+03 5.618254040135454329e-07
1.582000000000000000e+03 5.451941040899698129e-07
1.584000000000000000e+03 5.290515952922806876e-07
1.586000000000000000e+03 5.133836263912177637e-07
1.588000000000000000e+03 4.981763579782575661e-07
1.590000000000000000e+03 4.834163506840604381e-07
1.592000000000000000e+03 4.690905537301350101e-07
1.594000000000000000e+03 4.551862938044406246e-07
1.596000000000000000e+03 4.416912642518489538e-07
1.598000000000000000e+03 4.285935145707011969e-07
1.600000000000000000e+03 4.158814402068771811e-07
1.602000000000000000e+03 4.035437726370771407e-07
1.604000000000000000e+03 3.915695697332151482e-07
1.606000000000000000e+03 3.799482064000601343e-07
1.608000000000000000e+03 3.686693654784728757e-07
1.610000000000000000e+03 3.577230289067982441e-07
1.612000000000000000e+03 3.470994691331830773e-07
1.614000000000000000e+03 3.367892407717791350e-07
1.616000000000000000e+03 3.267831724959958493e-07
1.618000000000000000e+03 3.170723591621469882e-07
1.620000000000000000e+03 3.076481541570336673e-07
1.622000000000000000e+03 2.985021619631617832e-07
1.624000000000000000e+03 2.896262309354904668e-07
1.626000000000000000e+03 2.810124462837629511e-07
1.628000000000000000e+03 2.726531232546403344e-07
1.630000000000000000e+03 2.645408005080171177e-07
1.632000000000000000e+03 2.566682336820563176e-07
1.634000000000000000e+03 2.490283891416308238e-07
1.636000000000000000e+03 2.416144379050066937e-07
1.638000000000000000e+03 2.344197497437460079e-07
1.640000000000000000e+03 2.274378874509467772e-07
1.642000000000000000e+03 2.206626012730784762e-07
1.644000000000000000e+03 2.140878235007876341e-07
1.646000000000000000e+03 2.077076632142061534e-07
1.648000000000000000e+03 2.015164011783790653e-07
1.650000000000000000e+03 1.955084848845916205e-07
1.652000000000000000e+03 1.896785237334612650e-07
1.654000000000000000e+03 1.840212843557950265e-07
1.656000000000000000e+03 1.785316860673156929e-07
1.658000000000000000e+03 1.732047964534677399e-07
1.660000000000000000e+03 1.680358270806278663e-07
1.662000000000000000e+03 1.630201293301370780e-07
1.664000000000000000e+03 1.581531903516808546e-07
1.666000000000000000e+03 1.534306291326335508e-07
1.668000000000000000e+03 1.488481926800835926e-07
1.670000000000000000e+03 1.444017523123414921e-07
1.672000000000000000e+03 1.400873000568333750e-07
1.674000000000000000e+03 1.359009451513523794e-07
1.676000000000000000e+03 1.318389106457421166e-07
1.678000000000000000e+03 1.278975301011581147e-07
1.680000000000000000e+03 1.240732443841362579e-07
1.682000000000000000e+03 1.203625985527748410e-07
1.684000000000000000e+03 1.167622388324129336e-07
1.686000000000000000e+03 1.132689096782593370e-07
1.688000000000000000e+03 1.098794509225008352e-07
1.690000000000000000e+03 1.065907950034840737e-07
1.692000000000000000e+03 1.033999642746373583e-07
1.694000000000000000e+03 1.003040683908606846e-07
1.696000000000000000e+03 9.730030177017658999e-08
1.698000000000000000e+03 9.438594112850132362e-08
1.700000000000000000e+03 9.155834308544716684e-08
1.702000000000000000e+03 8.881494183913449994e-08
1.704000000000000000e+03 8.615324690804295326e-08
1.706000000000000000e+03 8.357084093799106710e-08
1.708000000000000000e+03 8.106537757238306603e-08
1.710000000000000000e+03 7.863457938391850110e-08
1.712000000000000000e+03 7.627623586600784154e-08
1.714000000000000000e+03 7.398820148218854178e-08
1.716000000000000000e+03 7.176839377188452236e-08
1.718000000000000000e+03 6.961479151089661867e-08
1.720000000000000000e+03 6.752543292506044069e-08
1.722000000000000000e+03 6.549841395554813598e-08
1.724000000000000000e+03 6.353188657433927878e-08
1.726000000000000000e+03 6.162405714842114114e-08
1.728000000000000000e+03 5.977318485132463262e-08
1.730000000000000000e+03 5.797758012063951773e-08
1.732000000000000000e+03 5.623560316019088152e-08
1.734000000000000000e+03 5.454566248559675809e-08
1.736000000000000000e+03 5.290621351196243882e-08
1.738000000000000000e+03 5.131575718250318096e-08
1.740000000000000000e+03 4.977283863692047532e-08
1.742000000000000000e+03 4.827604591839046970e-08
1.744000000000000000e+03 4.682400871805670168e-08
1.746000000000000000e+03 4.541539715594830548e-08
1.748000000000000000e+03 4.404892059727894378e-08
1.750000000000000000e+03 4.272332650310700089e-08
1.752000000000000000e+03 4.143739931437254667e-08
1.754000000000000000e+03 4.018995936834711481e-08
1.756000000000000000e+03 3.897986184656670955e-08
1.758000000000000000e+03 3.780599575334070355e-08
1.760000000000000000e+03 3.666728292395660561e-08
1.762000000000000000e+03 3.556267706172512240e-08
1.764000000000000000e+03 3.449116280303563363e-08
1.766000000000000000e+03 3.345175480961373325e-08
1.768000000000000000e+03 3.244349688719770182e-08
1.770000000000000000e+03 3.146546112987132223e-08
1.772000000000000000e+03 3.051674708931393657e-08
1.774000000000000000e+03 2.959648096824780225e-08
1.776000000000000000e+03 2.870381483738492144e-08
1.778000000000000000e+03 2.783792587519542967e-08
1.780000000000000000e+03 2.699801562983710908e-08
1.782000000000000000e+03 2.618330930260714550e-08
1.784000000000000000e+03 2.539305505229356635e-08
1.786000000000000000e+03 2.462652331982222997e-08
1.788000000000000000e+03 2.388300617261292492e-08
1.790000000000000000e+03 2.316181666807409937e-08
1.792000000000000000e+03 2.246228823568277378e-08
1.794000000000000000e+03 2.178377407711174123e-08
1.796000000000000000e+03 2.112564658388142943e-08
1.798000000000000000e+03 2.048729677202932639e-08
1.800000000000000000e+03 1.986813373330360923e-08
1.802000000000000000e+03 1.926758410240233664e-08
1.804000000000000000e+03 1.868509153979366008e-08
1.806000000000000000e+03 1.812011622966437440e-08
1.808000000000000000e+03 1.757213439255887506e-08
1.810000000000000000e+03 1.704063781228212055e-08
1.812000000000000000e+03 1.652513337665257930e-08
1.814000000000000000e+03 1.602514263170341290e-08
1.816000000000000000e+03 1.554020134894123795e-08
1.818000000000000000e+03 1.506985910528340609e-08
1.820000000000000000e+03 1.461367887530519572e-08
1.822000000000000000e+03 1.417123663543983961e-08
1.824000000000000000e+03 1.374212097978324138e-08
1.826000000000000000e+03 1.332593274716629321e-08
1.828000000000000000e+03 1.292228465916725106e-08
1.830000000000000000e+03 1.253080096874563165e-08
1.832000000000000000e+03 1.215111711918877705e-08
1.834000000000000000e+03 1.178287941307068780e-08
1.836000000000000000e+03 1.142574469093185441e-08
1.838000000000000000e+03 1.107938001939678799e-08
1.840000000000000000e+03 1.074346238845440241e-08
1.842000000000000000e+03 1.041767841763424271e-08
1.844000000000000000e+03 1.010172407081923334e-08
1.846000000000000000e+03 9.795304379443210612e-09
1.848000000000000000e+03 9.498133173828577356e-09
1.850000000000000000e+03 9.209932822426811442e-09
1.852000000000000000e+03 8.930433978731052922e-09
1.854000000000000000e+03 8.659375335636944721e-09
1.856000000000000000e+03 8.396503387034231298e-09
1.858000000000000000e+03 8.141572196417980713e-09
1.860000000000000000e+03 7.894343172314372063e-09
1.862000000000000000e+03 7.654584850321947529e-09
1.864000000000000000e+03 7.422072681574925147e-09
1.866000000000000000e+03 7.196588827440994168e-09
1.868000000000000000e+03 6.977921960270915171e-09
1.870000000000000000e+03 6.765867070023583231e-09
1.872000000000000000e+03 6.560225276593857040e-09
1.874000000000000000e+03 6.360803647676828634e-09
1.876000000000000000e+03 6.167415022006273153e-09
1.878000000000000000e+03 5.979877837809920759e-09
1.880000000000000000e+03 5.798015966328790296e-09
1.882000000000000000e+03 5.621658550252237309e-09
1.884000000000000000e+03 5.450639846924640567e-09
1.886000000000000000e+03 5.284799076183937722e-09
1.888000000000000000e+03 5.123980272696097687e-09
1.890000000000000000e+03 4.968032142653819444e-09
1.892000000000000000e+03 4.816807924711376621e-09
1.894000000000000000e+03 4.670165255031299967e-09
1.896000000000000000e+03 4.527966036322279897e-09
1.898000000000000000e+03 4.390076310751080931e-09
1.900000000000000000e+03 4.256366136614768746e-09
1.902000000000000000e+03 4.126709468662753380e-09
1.904000000000000000e+03 4.000984041961487366e-09
1.906000000000000000e+03 3.879071259197670948e-09
1.908000000000000000e+03 3.760856081318948264e-09
1.910000000000000000e+03 3.646226921413934213e-09
1.912000000000000000e+03 3.535075541736354824e-09
1.914000000000000000e+03 3.427296953780803321e-09
1.916000000000000000e+03 3.322789321320326803e-09
1.918000000000000000e+03 3.221453866318729411e-09
1.920000000000000000e+03 3.123194777632830813e-09
1.922000000000000000e+03 3.027919122422867262e-09
1.924000000000000000e+03 2.935536760190847131e-09
1.926000000000000000e+03 2.845960259369777175e-09
1.928000000000000000e+03 2.759104816388512159e-09
1.930000000000000000e+03 2.674888177139201861e-09
1.932000000000000000e+03 2.593230560776625568e-09
1.934000000000000000e+03 2.514054585780578159e-09
1.936000000000000000e+03 2.437285198214604357e-09
1.938000000000000000e+03 2.362849602116293456e-09
1.940000000000000000e+03 2.290677191956225370e-09
1.942000000000000000e+03 2.220699487104537807e-09
1.944000000000000000e+03 2.152850068245849946e-09
1.946000000000000000e+03 2.087064515684995689e-09
1.948000000000000000e+03 2.023280349487756592e-09
1.950000000000000000e+03 1.961436971402373625e-09
1.952000000000000000e+03 1.901475608509208385e-09
1.954000000000000000e+03 1.843339258547520245e-09
1.956000000000000000e+03 1.786972636869752372e-09
1.958000000000000000e+03 1.732322124975213870e-09
1.960000000000000000e+03 1.679335720576456869e-09
1.962000000000000000e+03 1.627962989153007288e-09
1.964000000000000000e+03 1.578155016948447591e-09
1.966000000000000000e+03 1.529864365368123325e-09
1.968000000000000000e+03 1.483045026736045960e-09
1.970000000000000000e+03 1.437652381370713287e-09
1.972000000000000000e+03 1.393643155940787097e-09
1.974000000000000000e+03 1.350975383062811909e-09
1.976000000000000000e+03 1.309608362104024385e-09
1.978000000000000000e+03 1.269502621154660484e-09
1.980000000000000000e+03 1.230619880135055349e-09
1.982000000000000000e+03 1.192923015003891617e-09
1.984000000000000000e+03 1.156376023034956837e-09
1.986000000000000000e+03 1.120943989130702089e-09
1.988000000000000000e+03 1.086593053141860484e-09
1.990000000000000000e+03 1.053290378163260780e-09
1.992000000000000000e+03 1.021004119776875930e-09
1.994000000000000000e+03 9.897033962139699892e-10
1.996000000000000000e+03 9.593582594090772535e-10
1.998000000000000000e+03 9.299396669193057825e-10
2.000000000000000000e+03 9.014194546832714345e-10
2.002000000000000000e+03 8.737703105947238439e-10
2.004000000000000000e+03 8.469657488666321889e-10
2.006000000000000000e+03 8.209800851622588787e-10
2.008000000000000000e+03 7.957884124704057626e-10
2.010000000000000000e+03 7.713665777027024699e-10
2.012000000000000000e+03 7.476911589914721641e-10
2.014000000000000000e+03 7.247394436673223155e-10
2.016000000000000000e+03 7.024894068962393387e-10
2.018000000000000000e+03 6.809196909565619239e-10
2.020000000000000000e+03 6.600095851367831969e-10
2.022000000000000000e+03 6.397390062356952545e-10
2.024000000000000000e+03 6.200884796469322528e-10
2.026000000000000000e+03 6.010391210105366036e-10
2.028000000000000000e+03 5.825726184146088597e-10
2.030000000000000000e+03 5.646712151306782100e-10
2.032000000000000000e+03 5.473176928668845215e-10
2.034000000000000000e+03 5.304953555235292956e-10
2.036000000000000000e+03 5.141880134360176740e-10
2.038000000000000000e+03 4.983799680906583455e-10
2.040000000000000000e+03 4.830559972992143044e-10
2.042000000000000000e+03 4.682013408185187592e-10
2.044000000000000000e+03 4.538016864018746662e-10
2.046000000000000000e+03 4.398431562693504182e-10
2.048000000000000000e+03 4.263122939844638342e-10
2.050000000000000000e+03 4.131960517251279350e-10
2.052000000000000000e+03 4.004817779370714353e-10
2.054000000000000000e+03 3.881572053583221716e-10
2.056000000000000000e+03 3.762104394036555961e-10
2.058000000000000000e+03 3.646299468982609856e-10
2.060000000000000000e+03 3.534045451501807106e-10
2.062000000000000000e+03 3.425233913513999949e-10
2.064000000000000000e+03 3.319759722977559156e-10
2.066000000000000000e+03 3.217520944181347146e-10
2.068000000000000000e+03 3.118418741037038033e-10
2.070000000000000000e+03 3.022357283282024654e-10
2.072000000000000000e+03 2.929243655505800116e-10
2.074000000000000000e+03 2.838987768915358210e-10
2.076000000000000000e+03 2.751502275757559469e-10
2.078000000000000000e+03 2.666702486318872599e-10
2.080000000000000000e+03 2.584506288425540201e-10
2.082000000000000000e+03 2.504834069368901061e-10
2.084000000000000000e+03 2.427608640183539793e-10
2.086000000000000000e+03 2.352755162207584373e-10
2.088000000000000000e+03 2.280201075856825655e-10
2.090000000000000000e+03 2.209876031546276605e-10
2.092000000000000000e+03 2.141711822694793581e-10
2.094000000000000000e+03 2.075642320750281172e-10
2.096000000000000000e+03 2.011603412174899680e-10
2.098000000000000000e+03 1.949532937331469440e-10
2.100000000000000000e+03 1.889370631214010980e-10
2.102000000000000000e+03 1.831058065967107463e-10
2.104000000000000000e+03 1.774538595140386769e-10
2.106000000000000000e+03 1.719757299626013170e-10
2.108000000000000000e+03 1.666660935228689476e-10
2.110000000000000000e+03 1.615197881819121212e-10
2.112000000000000000e+03 1.565318094023374239e-10
2.114000000000000000e+03 1.516973053401998619e-10
2.116000000000000000e+03 1.470115722074147317e-10
2.118000000000000000e+03 1.424700497743255770e-10
2.120000000000000000e+03 1.380683170082162031e-10
2.122000000000000000e+03 1.338020878436790034e-10
2.124000000000000000e+03 1.296672070808739912e-10
2.126000000000000000e+03 1.256596464078349109e-10
2.128000000000000000e+03 1.217755005430867805e-10
2.130000000000000000e+03 1.180109834949559210e-10
2.132000000000000000e+03 1.143624249340681255e-10
2.134000000000000000e+03 1.108262666756160341e-10
2.136000000000000000e+03 1.073990592681003179e-10
2.138000000000000000e+03 1.040774586853366864e-10
2.140000000000000000e+03 1.008582231186177803e-10
2.142000000000000000e+03 9.773820986601454192e-11
2.144000000000000000e+03 9.471437231589052302e-11
2.146000000000000000e+03 9.178375702179077689e-11
2.148000000000000000e+03 8.894350086595109416e-11
2.150000000000000000e+03 8.619082830875693950e-11
2.152000000000000000e+03 8.352304872156188931e-11
2.154000000000000000e+03 8.093755380035042444e-11
2.156000000000000000e+03 7.843181505780913437e-11
2.158000000000000000e+03 7.600338139143982088e-11
2.160000000000000000e+03 7.364987672542145309e-11
2.162000000000000000e+03 7.136899772399607782e-11
2.164000000000000000e+03 6.915851157421944647e-11
2.166000000000000000e+03 6.701625383598307467e-11
2.168000000000000000e+03 6.494012635727800132e-11
2.170000000000000000e+03 6.292809525272899819e-11
2.172000000000000000e+03 6.097818894348911488e-11
2.174000000000000000e+03 5.908849625664211407e-11
2.176000000000000000e+03 5.725716458231400223e-11
2.178000000000000000e+03 5.548239808675091571e-11
2.180000000000000000e+03 5.376245597967211361e-11
2.182000000000000000e+03 5.209565083425589149e-11
2.184000000000000000e+03 5.048034695817230346e-11
2.186000000000000000e+03 4.891495881411302152e-11
2.188000000000000000e+03 4.739794948832600134e-11
2.190000000000000000e+03 4.592782920570199885e-11
2.192000000000000000e+03 4.450315389000423607e-11
2.194000000000000000e+03 4.312252376787632306e-11
2.196000000000000000e+03 4.178458201530315032e-11
2.198000000000000000e+03 4.048801344524023719e-11
2.200000000000000000e+03 3.923154323516566654e-11
2.202000000000000000e+03 3.801393569334546791e-11
2.204000000000000000e+03 3.683399306264081901e-11
2.206000000000000000e+03 3.569055436071996358e-11
2.208000000000000000e+03 3.458249425557194235e-11
2.210000000000000000e+03 3.350872197525342640e-11
2.212000000000000000e+03 3.246818025083059277e-11
2.214000000000000000e+03 3.145984429151095984e-11
2.216000000000000000e+03 3.048272079098906402e-11
2.218000000000000000e+03 2.953584696405986419e-11
2.220000000000000000e+03 2.861828961258248845e-11
2.222000000000000000e+03 2.772914421990395061e-11
2.224000000000000000e+03 2.686753407288036488e-11
2.226000000000000000e+03 2.603260941065772473e-11
2.228000000000000000e+03 2.522354659940112442e-11
2.230000000000000000e+03 2.443954733218482423e-11
2.232000000000000000e+03 2.367983785327995952e-11
2.234000000000000000e+03 2.294366820609801899e-11
2.236000000000000000e+03 2.223031150407495269e-11
2.238000000000000000e+03 2.153906322379584026e-11
2.240000000000000000e+03 2.086924051968727251e-11
2.242000000000000000e+03 2.022018155962144708e-11
2.244000000000000000e+03 1.959124488079715883e-11
2.246000000000000000e+03 1.898180876528124170e-11
2.248000000000000000e+03 1.839127063461352520e-11
2.250000000000000000e+03 1.781904646289577812e-11
2.252000000000000000e+03 1.726457020780282575e-11
2.254000000000000000e+03 1.672729325897109016e-11
2.256000000000000000e+03 1.620668390323626013e-11
2.258000000000000000e+03 1.570222680620765849e-11
2.260000000000000000e+03 1.521342250968246234e-11
2.262000000000000000e+03 1.473978694441816947e-11
2.264000000000000000e+03 1.428085095779576674e-11
2.266000000000000000e+03 1.383615985592081241e-11
2.268000000000000000e+03 1.340527295972296080e-11
2.270000000000000000e+03 1.298776317462780972e-11
2.272000000000000000e+03 1.258321657338811237e-11
2.274000000000000000e+03 1.219123199167344878e-11
2.276000000000000000e+03 1.181142063603027508e-11
2.278000000000000000e+03 1.144340570383512875e-11
2.280000000000000000e+03 1.108682201487609990e-11
2.282000000000000000e+03 1.074131565420820223e-11
2.284000000000000000e+03 1.040654362593905545e-11
2.286000000000000000e+03 1.008217351761203884e-11
2.288000000000000000e+03 9.767883174863472377e-12
2.290000000000000000e+03 9.463360386041635746e-12
2.292000000000000000e+03 9.168302576482646015e-12
2.294000000000000000e+03 8.882416512149748421e-12
2.296000000000000000e+03 8.605418012350087210e-12
2.298000000000000000e+03 8.337031671252148271e-12
2.300000000000000000e+03 8.076990587935482557e-12
2.302000000000000000e+03 7.825036104712322860e-12
2.304000000000000000e+03 7.580917553468792574e-12
2.306000000000000000e+03 7.344392009780902958e-12
2.308000000000000000e+03 7.115224054568130342e-12
2.310000000000000000e+03 6.893185543054366638e-12
2.312000000000000000e+03 6.678055380813244477e-12
2.314000000000000000e+03 6.469619306681530044e-12
2.316000000000000000e+03 6.267669682330758431e-12
2.318000000000000000e+03 6.072005288293842366e-12
2.320000000000000000e+03 5.882431126249395984e-12
2.322000000000000000e+03 5.698758227372652102e-12
2.324000000000000000e+03 5.520803466567590831e-12
2.326000000000000000e+03 5.348389382400490536e-12
2.328000000000000000e+03 5.181344002560742463e-12
2.330000000000000000e+03 5.019500674679876412e-12
2.332000000000000000e+03 4.862697902345030247e-12
2.334000000000000000e+03 4.710779186148008208e-12
2.336000000000000000e+03 4.563592869615962565e-12
2.338000000000000000e+03 4.420991989874364255e-12
2.340000000000000000e+03 4.282834132897404910e-12
2.342000000000000000e+03 4.148981293205820268e-12
2.344000000000000000e+03 4.019299737875570188e-12
2.346000000000000000e+03 3.893659874725801865e-12
2.348000000000000000e+03 3.771936124558069837e-12
2.350000000000000000e+03 3.654006797322779327e-12
2.352000000000000000e+03 3.539753972092643930e-12
2.354000000000000000e+03 3.429063380726602341e-12
2.356000000000000000e+03 3.321824295111146631e-12
2.358000000000000000e+03 3.217929417869502659e-12
2.360000000000000000e+03 3.117274776432450673e-12
2.362000000000000000e+03 3.019759620367785979e-12
2.364000000000000000e+03 2.925286321868554964e-12
2.366000000000000000e+03 2.833760279303335638e-12
2.368000000000000000e+03 2.745089823734599727e-12
2.370000000000000000e+03 2.659186128314293687e-12
2.372000000000000000e+03 2.575963120468364976e-12
2.374000000000000000e+03 2.495337396784723374e-12
2.376000000000000000e+03 2.417228140521774713e-12
2.378000000000000000e+03 2.341557041657116406e-12
2.380000000000000000e+03 2.268248219398490349e-12
2.382000000000000000e+03 2.197228147081483506e-12
2.384000000000000000e+03 2.128425579380696744e-12
2.386000000000000000e+03 2.061771481763450005e-12
2.388000000000000000e+03 1.997198962117154538e-12
2.390000000000000000e+03 1.934643204483665214e-12
2.392000000000000000e+03 1.874041404835867861e-12
2.394000000000000000e+03 1.815332708833983237e-12
2.396000000000000000e+03 1.758458151500527748e-12
2.398000000000000000e+03 1.703360598755230167e-12
2.400000000000000000e+03 1.649984690752695386e-12
2.402000000000000000e+03 1.598276786967423817e-12
2.404000000000000000e+03 1.548184912972543466e-12
2.406000000000000000e+03 1.499658708860197457e-12
2.408000000000000000e+03 1.452649379253126751e-12
2.410000000000000000e+03 1.407109644858573730e-12
2.412000000000000000e+03 1.362993695517069777e-12
2.414000000000000000e+03 1.320257144700181358e-12
2.416000000000000000e+03 1.278856985412640767e-12
2.418000000000000000e+03 1.238751547455688799e-12
2.420000000000000000e+03 1.199900456009774540e-12
2.422000000000000000e+03 1.162264591496018420e-12
2.424000000000000000e+03 1.125806050677117375e-12
2.426000000000000000e+03 1.090488108959544650e-12
2.428000000000000000e+03 1.056275183860101642e-12
2.430000000000000000e+03 1.023132799600969066e-12
2.432000000000000000e+03 9.910275527985556452e-13
2.434000000000000000e+03 9.599270792124397442e-13
2.436000000000000000e+03 9.298000215218072563e-13
2.438000000000000000e+03 9.006159980977217459e-13
2.440000000000000000e+03 8.723455727405893612e-13
2.442000000000000000e+03 8.449602253530695994e-13
2.444000000000000000e+03 8.184323235196239852e-13
2.446000000000000000e+03 7.927350949648231837e-13
2.448000000000000000e+03 7.678426008632546277e-13
2.450000000000000000e+03 7.437297099748672366e-13
2.452000000000000000e+03 7.203720735802807688e-13
2.454000000000000000e+03 6.977461011914114007e-13
2.456000000000000000e+03 6.758289370135349521e-13
2.458000000000000000e+03 6.545984371355881301e-13
2.460000000000000000e+03 6.340331474262982830e-13
2.462000000000000000e+03 6.141122821143434582e-13
2.464000000000000000e+03 5.948157030314707602e-13
2.466000000000000000e+03 5.761238994981217973e-13
2.468000000000000000e+03 5.580179688317374180e-13
2.470000000000000000e+03 5.404795974585496737e-13
2.472000000000000000e+03 5.234910426102308638e-13
2.474000000000000000e+03 5.070351145873538586e-13
2.476000000000000000e+03 4.910951595721804207e-13
2.478000000000000000e+03 4.756550429738134579e-13
2.480000000000000000e+03 4.606991332892873293e-13
2.482000000000000000e+03 4.462122864646682334e-13
2.484000000000000000e+03 4.321798307407241080e-13
2.486000000000000000e+03 4.185875519682052180e-13
2.488000000000000000e+03 4.054216793782328133e-13
2.490000000000000000e+03 3.926688717937371153e-13
2.492000000000000000e+03 3.803162042683224071e-13
2.494000000000000000e+03 3.683511551393589214e-13
2.496000000000000000e+03 3.567615934824992589e-13
2.498000000000000000e+03 3.455357669552067318e-13
2.500000000000000000e+03 3.346622900173058048e-13
2.502000000000000000e+03 3.241301325168591455e-13
2.504000000000000000e+03 3.139286086301086731e-13
2.506000000000000000e+03 3.040473661445255117e-13
2.508000000000000000e+03 2.944763760743628701e-13
2.510000000000000000e+03 2.852059225984250037e-13
2.512000000000000000e+03 2.762265933100981690e-13
2.514000000000000000e+03 2.675292697699743343e-13
2.516000000000000000e+03 2.591051183517168800e-13
2.518000000000000000e+03 2.509455813720917169e-13
2.520000000000000000e+03 2.430423684963734658e-13
2.522000000000000000e+03 2.353874484106086642e-13
2.524000000000000000e+03 2.279730407524715670e-13
2.526000000000000000e+03 2.207916082927165446e-13
2.528000000000000000e+03 2.138358493594649157e-13
2.530000000000000000e+03 2.070986904978116887e-13
2.532000000000000000e+03 2.005732793574660908e-13
2.534000000000000000e+03 1.942529778013648107e-13
2.536000000000000000e+03 1.881313552284163960e-13
2.538000000000000000e+03 1.822021821037426756e-13
2.540000000000000000e+03 1.764594236899925227e-13
2.542000000000000000e+03 1.708972339734997408e-13
2.544000000000000000e+03 1.655099497792445483e-13
2.546000000000000000e+03 1.602920850687745483e-13
2.548000000000000000e+03 1.552383254154118255e-13
2.550000000000000000e+03 1.503435226512494372e-13
2.552000000000000000e+03 1.456026896806246652e-13
2.554000000000000000e+03 1.410109954548911008e-13
2.556000000000000000e+03 1.365637601035030242e-13
2.558000000000000000e+03 1.322564502165599429e-13
2.560000000000000000e+03 1.280846742741149773e-13
2.562000000000000000e+03 1.240441782176971221e-13
2.564000000000000000e+03 1.201308411596355668e-13
2.566000000000000000e+03 1.163406712259123439e-13
2.568000000000000000e+03 1.126698015284001937e-13
2.570000000000000000e+03 1.091144862624726041e-13
2.572000000000000000e+03 1.056710969260953111e-13
2.574000000000000000e+03 1.023361186566288226e-13
2.576000000000000000e+03 9.910614668169042121e-14
2.578000000000000000e+03 9.597788288053397776e-14
2.580000000000000000e+03 9.294813245251774532e-14
2.582000000000000000e+03 9.001380068933456281e-14
2.584000000000000000e+03 8.717188984778458966e-14
2.586000000000000000e+03 8.441949611996665716e-14
2.588000000000000000e+03 8.175380669786390795e-14
2.590000000000000000e+03 7.917209692939220295e-14
2.592000000000000000e+03 7.667172756306926333e-14
2.594000000000000000e+03 7.425014207855265995e-14
2.596000000000000000e+03 7.190486410037831868e-14
2.598000000000000000e+03 6.963349489231450144e-14
2.600000000000000000e+03 6.743371092982640841e-14
2.602000000000000000e+03 6.530326154822144501e-14
2.604000000000000000e+03 6.323996666412953558e-14
2.606000000000000000e+03 6.124171456802986575e-14
2.608000000000000000e+03 5.930645978562236170e-14
2.610000000000000000e+03 5.743222100590017358e-14
2.612000000000000000e+03 5.561707907385020078e-14
2.614000000000000000e+03 5.385917504577185599e-14
2.616000000000000000e+03 5.215670830526601706e-14
2.618000000000000000e+03 5.050793473800761526e-14
2.620000000000000000e+03 4.891116496347319214e-14
2.622000000000000000e+03 4.736476262185143491e-14
2.624000000000000000e+03 4.586714271441961805e-14
2.626000000000000000e+03 4.441676999572261565e-14
2.628000000000000000e+03 4.301215741594213505e-14
2.630000000000000000e+03 4.165186461189393660e-14
2.632000000000000000e+03 4.033449644514016876e-14
2.634000000000000000e+03 3.905870158574890582e-14
2.636000000000000000e+03 3.782317114028114710e-14
2.638000000000000000e+03 3.662663732262709968e-14
2.640000000000000000e+03 3.546787216635819741e-14
2.642000000000000000e+03 3.434568627730152818e-14
2.644000000000000000e+03 3.325892762508398991e-14
2.646000000000000000e+03 3.220648037243291350e-14
2.648000000000000000e+03 3.118726374105583152e-14
2.650000000000000000e+03 3.020023091296098418e-14
2.652000000000000000e+03 2.924436796611361475e-14
2.654000000000000000e+03 2.831869284335757004e-14
2.656000000000000000e+03 2.742225435356792108e-14
2.658000000000000000e+03 2.655413120402660049e-14
2.660000000000000000e+03 2.571343106305050541e-14
2.662000000000000000e+03 2.489928965192786563e-14
2.664000000000000000e+03 2.411086986524945801e-14
2.666000000000000000e+03 2.334736091874905419e-14
2.668000000000000000e+03 2.260797752379564434e-14
2.670000000000000000e+03 2.189195908770611971e-14
2.672000000000000000e+03 2.119856893907295535e-14
2.674000000000000000e+03 2.052709357732698089e-14
2.676000000000000000e+03 1.987684194577888281e-14
2.678000000000000000e+03 1.924714472740714175e-14
2.680000000000000000e+03 1.863735366268271078e-14
2.682000000000000000e+03 1.804684088874267744e-14
2.684000000000000000e+03 1.747499829924675111e-14
2.686000000000000000e+03 1.692123692427112347e-14
2.688000000000000000e+03 1.638498632961409428e-14
2.690000000000000000e+03 1.586569403490777518e-14
2.692000000000000000e+03 1.536282494994839403e-14
2.694000000000000000e+03 1.487586082867685401e-14
2.696000000000000000e+03 1.440429974025785283e-14
2.698000000000000000e+03 1.394765555672421637e-14
2.700000000000000000e+03 1.350545745666854536e-14
2.702000000000000000e+03 1.307724944448136197e-14
2.704000000000000000e+03 1.266258988464990802e-14
2.706000000000000000e+03 1.226105105064715755e-14
2.708000000000000000e+03 1.187221868795502533e-14
2.710000000000000000e+03 1.149569159078086595e-14
2.712000000000000000e+03 1.113108119203819254e-14
2.714000000000000000e+03 1.077801116617808327e-14
2.716000000000000000e+03 1.043611704446906526e-14
2.718000000000000000e+03 1.010504584233669549e-14
2.720000000000000000e+03 9.784455698385624187e-15
2.722000000000000000e+03 9.474015524739041741e-15
2.724000000000000000e+03 9.173404668341523558e-15
2.726000000000000000e+03 8.882312582882645356e-15
2.728000000000000000e+03 8.600438511008979182e-15
2.730000000000000000e+03 8.327491176502984082e-15
2.732000000000000000e+03 8.063188486116785901e-15
2.734000000000000000e+03 7.807257240759023309e-15
2.736000000000000000e+03 7.559432855742032673e-15
2.738000000000000000e+03 7.319459089806000354e-15
2.740000000000000000e+03 7.087087782645359216e-15
2.742000000000000000e+03 6.862078600671464131e-15
2.744000000000000000e+03 6.644198790753743568e-15
2.746000000000000000e+03 6.433222941689555764e-15
2.748000000000000000e+03 6.228932753160987267e-15
2.750000000000000000e+03 6.031116811944063940e-15
2.752000000000000000e+03 5.839570375143413610e-15
2.754000000000000000e+03 5.654095160232390728e-15
2.756000000000000000e+03 5.474499141685550685e-15
2.758000000000000000e+03 5.300596353997105406e-15
2.760000000000000000e+03 5.132206700885144957e-15
2.762000000000000000e+03 4.969155770488335313e-15
2.764000000000000000e+03 4.811274656366790395e-15
2.766000000000000000e+03 4.658399784125779773e-15
2.768000000000000000e+03 4.510372743485818828e-15
2.770000000000000000e+03 4.367040125628688257e-15
2.772000000000000000e+03 4.228253365653925668e-15
2.774000000000000000e+03 4.093868589985675723e-15
2.776000000000000000e+03 3.963746468574792230e-15
2.778000000000000000e+03 3.837752071745850269e-15
2.780000000000000000e+03 3.715754731543465937e-15
2.782000000000000000e+03 3.597627907436901411e-15
2.784000000000000000e+03 3.483249056246299771e-15
2.786000000000000000e+03 3.372499506158178725e-15
2.788000000000000000e+03 3.265264334701949161e-15
2.790000000000000000e+03 3.161432250563284323e-15
2.792000000000000000e+03 3.060895479113931833e-15
2.794000000000000000e+03 2.963549651541474312e-15
2.796000000000000000e+03 2.869293697466037816e-15
2.798000000000000000e+03 2.778029740934650632e-15
2.800000000000000000e+03 2.689662999687189296e-15
2.802000000000000000e+03 2.604101687591326767e-15
2.804000000000000000e+03 2.521256920147018857e-15
2.806000000000000000e+03 2.441042622964176645e-15
2.808000000000000000e+03 2.363375443120267317e-15
2.810000000000000000e+03 2.288174663307411968e-15
2.812000000000000000e+03 2.215362118681351336e-15
2.814000000000000000e+03 2.144862116327693059e-15
2.816000000000000000e+03 2.076601357262947310e-15
2.818000000000000000e+03 2.010508860891004797e-15
2.820000000000000000e+03 1.946515891837854487e-15
2.822000000000000000e+03 1.884555889089882447e-15
2.824000000000000000e+03 1.824564397363386851e-15
2.826000000000000000e+03 1.766479000635244684e-15
2.828000000000000000e+03 1.710239257766841169e-15
2.830000000000000000e+03 1.655786640155497545e-15
2.832000000000000000e+03 1.603064471349697271e-15
2.834000000000000000e+03 1.552017868566431981e-15
2.836000000000000000e+03 1.502593686050858921e-15
2.838000000000000000e+03 1.454740460220420126e-15
2.840000000000000000e+03 1.408408356537292337e-15
2.842000000000000000e+03 1.363549118054899158e-15
2.844000000000000000e+03 1.320116015585818136e-15
2.846000000000000000e+03 1.278063799440146807e-15
2.848000000000000000e+03 1.237348652684930420e-15
2.850000000000000000e+03 1.197928145876847750e-15
2.852000000000000000e+03 1.159761193221818494e-15
2.854000000000000000e+03 1.122808010116670713e-15
2.856000000000000000e+03 1.087030072029387693e-15
2.858000000000000000e+03 1.052390074675857759e-15
2.860000000000000000e+03 1.018851895452330312e-15
2.862000000000000000e+03 9.863805560840824010e-16
2.864000000000000000e+03 9.549421864520153395e-16
2.866000000000000000e+03 9.245039895601972324e-16
2.868000000000000000e+03 8.950342076083341723e-16
2.870000000000000000e+03 8.665020891345013538e-16
2.872000000000000000e+03 8.388778571944022144e-16
2.874000000000000000e+03 8.121326785445561220e-16
2.876000000000000000e+03 7.862386337978026849e-16
2.878000000000000000e+03 7.611686885205307565e-16
2.880000000000000000e+03 7.368966652419716562e-16
2.882000000000000000e+03 7.133972163468567603e-16
2.884000000000000000e+03 6.906457978236177208e-16
2.886000000000000000e+03 6.686186438411934583e-16
2.888000000000000000e+03 6.472927421283582715e-16
2.890000000000000000e+03 6.266458101302806758e-16
2.892000000000000000e+03 6.066562719178540421e-16
2.894000000000000000e+03 5.873032358260753271e-16
2.896000000000000000e+03 5.685664727985098293e-16
2.898000000000000000e+03 5.504263954156056592e-16
2.900000000000000000e+03 5.328640375852996359e-16
2.902000000000000000e+03 5.158610348750591013e-16
2.904000000000000000e+03 4.993996054651485409e-16
2.906000000000000000e+03 4.834625317035312299e-16
2.908000000000000000e+03 4.680331422434610145e-16
2.910000000000000000e+03 4.530952947453919535e-16
2.912000000000000000e+03 4.386333591254168112e-16
2.914000000000000000e+03 4.246322013330109530e-16
2.916000000000000000e+03 4.110771676413969406e-16
2.918000000000000000e+03 3.979540694343484166e-16
2.920000000000000000e+03 3.852491684738274394e-16
2.922000000000000000e+03 3.729491626332316833e-16
2.924000000000000000e+03 3.610411720816176412e-16
2.926000000000000000e+03 3.495127259046525575e-16
2.928000000000000000e+03 3.383517491485309480e-16
2.930000000000000000e+03 3.275465502735101529e-16
2.932000000000000000e+03 3.170858090041433307e-16
2.934000000000000000e+03 3.069585645636977713e-16
2.936000000000000000e+03 2.971542042806357574e-16
2.938000000000000000e+03 2.876624525554204137e-16
2.940000000000000000e+03 2.784733601762745718e-16
2.942000000000000000e+03 2.695772939728815835e-16
2.944000000000000000e+03 2.609649267973642094e-16
2.946000000000000000e+03 2.526272278222092815e-16
2.948000000000000000e+03 2.445554531451381933e-16
2.950000000000000000e+03 2.367411366912288564e-16
2.952000000000000000e+03 2.291760814029097155e-16
2.954000000000000000e+03 2.218523507087356540e-16
2.956000000000000000e+03 2.147622602621409197e-16
2.958000000000000000e+03 2.078983699416508022e-16
2.960000000000000000e+03 2.012534761042870682e-16
2.962000000000000000e+03 1.948206040841787537e-16
2.964000000000000000e+03 1.885930009286296051e-16
2.966000000000000000e+03 1.825641283641423932e-16
2.968000000000000000e+03 1.767276559851382917e-16
2.970000000000000000e+03 1.710774546583290340e-16
2.972000000000000000e+03 1.656075901359466511e-16
2.974000000000000000e+03 1.603123168712062572e-16
2.976000000000000000e+03 1.551860720296328899e-16
2.978000000000000000e+03 1.502234696900539568e-16
2.980000000000000000e+03 1.454192952292631769e-16
2.982000000000000000e+03 1.407684998845553751e-16
2.984000000000000000e+03 1.362661954885061223e-16
2.986000000000000000e+03 1.319076493705533014e-16
2.988000000000000000e+03 1.276882794201076576e-16
2.990000000000000000e+03 1.236036493060861817e-16
2.992000000000000000e+03 1.196494638479215306e-16
2.994000000000000000e+03 1.158215645332592444e-16
2.996000000000000000e+03 1.121159251777031755e-16
2.998000000000000000e+03 1.085286477221190917e-16
3.000000000000000000e+03 1.050559581631433607e-16
3.002000000000000000e+03 1.016942026126854172e-16
3.004000000000000000e+03 9.843984348234387718e-17
3.006000000000000000e+03 9.528945578878461081e-17
3.008000000000000000e+03 9.223972357625378887e-17
3.010000000000000000e+03 8.928743645252042485e-17
3.012000000000000000e+03 8.642948623466010672e-17
3.014000000000000000e+03 8.366286370120313737e-17
3.016000000000000000e+03 8.098465544728233271e-17
3.018000000000000000e+03 7.839204083952017728e-17
3.020000000000000000e+03 7.588228906749979496e-17
3.022000000000000000e+03 7.345275628875938598e-17
3.024000000000000000e+03 7.110088286435731280e-17
3.026000000000000000e+03 6.882419068213082229e-17
3.028000000000000000e+03 6.662028056488010635e-17
3.030000000000000000e+03 6.448682976078496122e-17
3.032000000000000000e+03 6.242158951345229601e-17
3.034000000000000000e+03 6.042238270907122012e-17
3.036000000000000000e+03 5.848710159823591083e-17
3.038000000000000000e+03 5.661370559006996169e-17
3.040000000000000000e+03 5.480021911636325797e-17
3.042000000000000000e+03 5.304472956350349664e-17
3.044000000000000000e+03 5.134538527005486198e-17
3.046000000000000000e+03 4.970039358790449349e-17
3.048000000000000000e+03 4.810801900496272247e-17
3.050000000000000000e+03 4.656658132746672354e-17
3.052000000000000000e+03 4.507445391999968287e-17
3.054000000000000000e+03 4.363006200139566469e-17
3.056000000000000000e+03 4.223188099476043464e-17
3.058000000000000000e+03 4.087843492989186320e-17
3.060000000000000000e+03 3.956829489644033729e-17
3.062000000000000000e+03 3.830007754620022389e-17
3.064000000000000000e+03 3.707244364297529170e-17
3.066000000000000000e+03 3.588409665851001035e-17
3.068000000000000000e+03 3.473378141302594183e-17
3.070000000000000000e+03 3.362028275894985046e-17
3.072000000000000000e+03 3.254242430646302704e-17
3.074000000000000000e+03 3.149906718954662137e-17
3.076000000000000000e+03 3.048910887123745385e-17
3.078000000000000000e+03 2.951148198685364381e-17
3.080000000000000000e+03 2.856515322398191410e-17
3.082000000000000000e+03 2.764912223806374468e-17
3.084000000000000000e+03 2.676242060244935519e-17
3.086000000000000000e+03 2.590411079182751724e-17
3.088000000000000000e+03 2.507328519797069937e-17
3.090000000000000000e+03 2.426906517677203760e-17
3.092000000000000000e+03 2.349060012557991730e-17
3.094000000000000000e+03 2.273706658986947864e-17
3.096000000000000000e+03 2.200766739832014656e-17
3.098000000000000000e+03 2.130163082539712280e-17
