2.000000000000000000e+00 2.752263452126439171e-03
4.000000000000000000e+00 1.101912937533111765e-02
6.000000000000000000e+00 2.483068354664603322e-02
8.000000000000000000e+00 4.423660038202555100e-02
1.000000000000000000e+01 6.930544430353952068e-02
1.200000000000000000e+01 1.001236999867592820e-01
1.400000000000000000e+01 1.367945397322657963e-01
1.600000000000000000e+01 1.794363384349741131e-01
1.800000000000000000e+01 2.281809487599076869e-01
2.000000000000000000e+01 2.831717511587972802e-01
2.200000000000000000e+01 3.445614952561832367e-01
2.400000000000000000e+01 4.125099508839107920e-01
2.600000000000000000e+01 4.871813886331960997e-01
2.800000000000000000e+01 5.687419112071642191e-01
3.000000000000000000e+01 6.573566580931320402e-01
3.200000000000000000e+01 7.531869071067464061e-01
3.400000000000000000e+01 8.563870971963448708e-01
3.600000000000000000e+01 9.671017975292744984e-01
3.800000000000000000e+01 1.085462648289098331e+00
4.000000000000000000e+01 1.211585298826101331e+00
4.200000000000000000e+01 1.345566368790660716e+00
4.400000000000000000e+01 1.487480457659762667e+00
4.600000000000000000e+01 1.637377227645142153e+00
4.800000000000000000e+01 1.795278584350431750e+00
5.000000000000000000e+01 1.961175978719637447e+00
5.200000000000000000e+01 2.135027852832350970e+00
5.400000000000000000e+01 2.316757250928015210e+00
5.600000000000000000e+01 2.506249615710363976e+00
5.800000000000000000e+01 2.703350788519167658e+00
6.000000000000000000e+01 2.907865230334229167e+00
6.200000000000000000e+01 3.119554478892699656e+00
6.400000000000000000e+01 3.338135855338671298e+00
6.600000000000000000e+01 3.563281431965452661e+00
6.800000000000000000e+01 3.794617270622092420e+00
7.000000000000000000e+01 4.031722939355558033e+00
7.200000000000000000e+01 4.274131312816163764e+00
7.400000000000000000e+01 4.521328659903931957e+00
7.600000000000000000e+01 4.772755020073589982e+00
7.800000000000000000e+01 5.027804867704064762e+00
8.000000000000000000e+01 5.285828061930928357e+00
8.200000000000000000e+01 5.546131077403858356e+00
8.400000000000000000e+01 5.807978509559871938e+00
8.600000000000000000e+01 6.070594846214658169e+00
8.800000000000000000e+01 6.333166495533365747e+00
9.000000000000000000e+01 6.594844058887411542e+00
9.200000000000000000e+01 6.854744835588212126e+00
9.400000000000000000e+01 7.111955545108716414e+00
9.600000000000000000e+01 7.365535251177536047e+00
9.800000000000000000e+01 7.614518471031053615e+00
1.000000000000000000e+02 7.857918452095088213e+00
1.020000000000000000e+02 8.094730597598635669e+00
1.040000000000000000e+02 8.323936021898195037e+00
1.060000000000000000e+02 8.544505215736085901e+00
1.080000000000000000e+02 8.755401801337908907e+00
1.100000000000000000e+02 8.955586356907632606e+00
1.120000000000000000e+02 9.144020290021824593e+00
1.140000000000000000e+02 9.319669739448615431e+00
1.160000000000000000e+02 9.481509485060463760e+00
1.180000000000000000e+02 9.628526845790325694e+00
1.200000000000000000e+02 9.759725546001559948e+00
1.220000000000000000e+02 9.874129531150989791e+00
1.240000000000000000e+02 9.970786714252108496e+00
1.260000000000000000e+02 1.004877263537096255e+01
1.280000000000000000e+02 1.010719401718304589e+01
1.300000000000000000e+02 1.014519220054544135e+01
1.320000000000000000e+02 1.016194644498430044e+01
1.340000000000000000e+02 1.015667708000435709e+01
1.360000000000000000e+02 1.012864849428548730e+01
1.380000000000000000e+02 1.007717195084271644e+01
1.400000000000000000e+02 1.000160821751686591e+01
1.420000000000000000e+02 9.901370003244716500e+00
1.440000000000000000e+02 9.775924191830764443e+00
1.460000000000000000e+02 9.624793866127527409e+00
1.480000000000000000e+02 9.447560116771207106e+00
1.500000000000000000e+02 9.243863630787034324e+00
1.520000000000000000e+02 9.013406056647063735e+00
1.540000000000000000e+02 8.755951143465685149e+00
1.560000000000000000e+02 8.471325653196378980e+00
1.580000000000000000e+02 8.159420045825040546e+00
1.600000000000000000e+02 7.820188938614498930e+00
1.620000000000000000e+02 7.453651341465501901e+00
1.640000000000000000e+02 7.059890671498592063e+00
1.660000000000000000e+02 6.639054550838796587e+00
1.680000000000000000e+02 6.191354392498428894e+00
1.700000000000000000e+02 5.717064780060465701e+00
1.720000000000000000e+02 5.216522647638003107e+00
1.740000000000000000e+02 4.690126267257836545e+00
1.760000000000000000e+02 4.138334051482758014e+00
1.780000000000000000e+02 3.561663179655629285e+00
1.800000000000000000e+02 2.960688056631837650e+00
1.820000000000000000e+02 2.336038613345728709e+00
1.840000000000000000e+02 1.688398458922664380e+00
1.860000000000000000e+02 1.018502894364480271e+00
1.880000000000000000e+02 3.271367981166157790e-01
1.900000000000000000e+02 -3.848676060061104187e-01
1.920000000000000000e+02 -1.116633087883773801e+00
1.940000000000000000e+02 -1.867239846432659833e+00
1.960000000000000000e+02 -2.635728030461401250e+00
1.980000000000000000e+02 -3.421100334306055757e+00
2.000000000000000000e+02 -4.222324657573246931e+00
2.020000000000000000e+02 -5.038336818424132169e+00
2.040000000000000000e+02 -5.868043310003660196e+00
2.060000000000000000e+02 -6.710324089790372426e+00
2.080000000000000000e+02 -7.564035391896197780e+00
2.100000000000000000e+02 -8.428012552590905315e+00
2.120000000000000000e+02 -9.301072839637477330e+00
2.140000000000000000e+02 -1.018201827633246559e+01
2.160000000000000000e+02 -1.106963845150615633e+01
2.180000000000000000e+02 -1.196271330709802250e+01
2.200000000000000000e+02 -1.286001589531308298e+01
2.220000000000000000e+02 -1.376031509777258499e+01
2.240000000000000000e+02 -1.466237829948287441e+01
2.260000000000000000e+02 -1.556497401087827370e+01
2.280000000000000000e+02 -1.646687443162880626e+01
2.300000000000000000e+02 -1.736685795034403768e+01
2.320000000000000000e+02 -1.826371157474750007e+01
2.340000000000000000e+02 -1.915623328734109521e+01
2.360000000000000000e+02 -2.004323432202854960e+01
2.380000000000000000e+02 -2.092354135759671863e+01
2.400000000000000000e+02 -2.179599862440258917e+01
2.420000000000000000e+02 -2.265946992103395630e+01
2.440000000000000000e+02 -2.351284053813817110e+01
2.460000000000000000e+02 -2.435501908702383744e+01
2.480000000000000000e+02 -2.518493923104204413e+01
2.500000000000000000e+02 -2.600156131814940252e+01
2.520000000000000000e+02 -2.680387391341661640e+01
2.540000000000000000e+02 -2.759089523063254390e+01
2.560000000000000000e+02 -2.836167446248170876e+01
2.580000000000000000e+02 -2.911529300911839968e+01
2.600000000000000000e+02 -2.985086560528026567e+01
2.620000000000000000e+02 -3.056754134637680309e+01
2.640000000000000000e+02 -3.126450461428723671e+01
2.660000000000000000e+02 -3.194097590385582208e+01
2.680000000000000000e+02 -3.259621255135311912e+01
2.700000000000000000e+02 -3.322950936636469521e+01
2.720000000000000000e+02 -3.384019916883142542e+01
2.740000000000000000e+02 -3.442765323315339998e+01
2.760000000000000000e+02 -3.499128164143180442e+01
2.780000000000000000e+02 -3.553053354813707188e+01
2.800000000000000000e+02 -3.604489735861866961e+01
2.820000000000000000e+02 -3.653390082399661054e+01
2.840000000000000000e+02 -3.699711105514639797e+01
2.860000000000000000e+02 -3.743413445855435384e+01
2.880000000000000000e+02 -3.784461659691803703e+01
2.900000000000000000e+02 -3.822824197748358444e+01
2.920000000000000000e+02 -3.858473377113145375e+01
2.940000000000000000e+02 -3.891385346531297529e+01
2.960000000000000000e+02 -3.921540045396035623e+01
2.980000000000000000e+02 -3.948921156753451811e+01
3.000000000000000000e+02 -3.973516054639036099e+01
3.020000000000000000e+02 -3.995315746065271156e+01
3.040000000000000000e+02 -4.014314807977443422e+01
3.060000000000000000e+02 -4.030511319499073863e+01
3.080000000000000000e+02 -4.043906789778263544e+01
3.100000000000000000e+02 -4.054506081750805180e+01
3.120000000000000000e+02 -4.062317332130570691e+01
3.140000000000000000e+02 -4.067351867928807252e+01
3.160000000000000000e+02 -4.069624119806738349e+01
3.180000000000000000e+02 -4.069151532554073469e+01
3.200000000000000000e+02 -4.065954472983563761e+01
3.220000000000000000e+02 -4.060056135523748111e+01
3.240000000000000000e+02 -4.051482445784375130e+01
3.260000000000000000e+02 -4.040261962365548243e+01
3.280000000000000000e+02 -4.026425777167111875e+01
3.300000000000000000e+02 -4.010007414454591412e+01
3.320000000000000000e+02 -3.991042728922200666e+01
3.340000000000000000e+02 -3.969569802992180740e+01
3.360000000000000000e+02 -3.945628843575119049e+01
3.380000000000000000e+02 -3.919262078509255787e+01
3.400000000000000000e+02 -3.890513652889506346e+01
3.420000000000000000e+02 -3.859429525486795143e+01
3.440000000000000000e+02 -3.826057365444471969e+01
3.460000000000000000e+02 -3.790446449441001420e+01
3.480000000000000000e+02 -3.752647559485166084e+01
3.500000000000000000e+02 -3.712712881512054253e+01
3.520000000000000000e+02 -3.670695904933003106e+01
3.540000000000000000e+02 -3.626651323284930584e+01
3.560000000000000000e+02 -3.580634936119599132e+01
3.580000000000000000e+02 -3.532703552256224810e+01
3.600000000000000000e+02 -3.482914894522691895e+01
3.620000000000000000e+02 -3.431327506092608104e+01
3.640000000000000000e+02 -3.378000658526072897e+01
3.660000000000000000e+02 -3.322994261605038702e+01
3.680000000000000000e+02 -3.266368775053452111e+01
3.700000000000000000e+02 -3.208185122221705399e+01
3.720000000000000000e+02 -3.148504605808501466e+01
3.740000000000000000e+02 -3.087388825682209870e+01
3.760000000000000000e+02 -3.024899598864190153e+01
3.780000000000000000e+02 -2.961098881722494269e+01
3.800000000000000000e+02 -2.896048694421907044e+01
3.820000000000000000e+02 -2.829811047668287571e+01
3.840000000000000000e+02 -2.762447871780863196e+01
3.860000000000000000e+02 -2.694020948117593051e+01
3.880000000000000000e+02 -2.624591842876212411e+01
3.900000000000000000e+02 -2.554221843284465621e+01
3.920000000000000000e+02 -2.482971896192827188e+01
3.940000000000000000e+02 -2.410902549072934065e+01
3.960000000000000000e+02 -2.338073893425269034e+01
3.980000000000000000e+02 -2.264545510588219202e+01
4.000000000000000000e+02 -2.190376419948817954e+01
4.020000000000000000e+02 -2.115625029533397594e+01
4.040000000000000000e+02 -2.040349088972730485e+01
4.060000000000000000e+02 -1.964605644816678520e+01
4.080000000000000000e+02 -1.888450998177322049e+01
4.100000000000000000e+02 -1.811940664679309521e+01
4.120000000000000000e+02 -1.735129336682657808e+01
4.140000000000000000e+02 -1.658070847754223820e+01
4.160000000000000000e+02 -1.580818139349914730e+01
4.180000000000000000e+02 -1.503423229674534944e+01
4.200000000000000000e+02 -1.425937184680852532e+01
4.220000000000000000e+02 -1.348410091168896585e+01
4.240000000000000000e+02 -1.270891031942438865e+01
4.260000000000000000e+02 -1.193428062984608751e+01
4.280000000000000000e+02 -1.116068192601139408e+01
4.300000000000000000e+02 -1.038857362492496783e+01
4.320000000000000000e+02 -9.618404307044306378e+00
4.340000000000000000e+02 -8.850611564096590556e+00
4.360000000000000000e+02 -8.085621864748837595e+00
4.380000000000000000e+02 -7.323850437581085338e+00
4.400000000000000000e+02 -6.565701170937977338e+00
4.420000000000000000e+02 -5.811566529106493739e+00
4.440000000000000000e+02 -5.061827484311321790e+00
4.460000000000000000e+02 -4.316853464061877865e+00
4.480000000000000000e+02 -3.577002313283079271e+00
4.500000000000000000e+02 -2.842620270774925739e+00
4.520000000000000000e+02 -2.114041959435601026e+00
4.540000000000000000e+02 -1.391590389799223892e+00
4.560000000000000000e+02 -6.755769763160113239e-01
4.580000000000000000e+02 3.369843407682697467e-02
4.600000000000000000e+02 7.359475216149602428e-01
4.620000000000000000e+02 1.430893442113442049e+00
4.640000000000000000e+02 2.118270764561768438e+00
4.660000000000000000e+02 2.797825398451973200e+00
4.680000000000000000e+02 3.469314511277132862e+00
4.700000000000000000e+02 4.132506436687732432e+00
4.720000000000000000e+02 4.787180573782076287e+00
4.740000000000000000e+02 5.433127277983725634e+00
4.760000000000000000e+02 6.070147743937690521e+00
4.780000000000000000e+02 6.698053880910010527e+00
4.800000000000000000e+02 7.316668181092319756e+00
4.820000000000000000e+02 7.925823581243339966e+00
4.840000000000000000e+02 8.525363318095338983e+00
4.860000000000000000e+02 9.115140777932792204e+00
4.880000000000000000e+02 9.695019340724003953e+00
4.900000000000000000e+02 1.026487221921900606e+01
4.920000000000000000e+02 1.082458229337800226e+01
4.940000000000000000e+02 1.137404194049770823e+01
4.960000000000000000e+02 1.191315286141547958e+01
4.980000000000000000e+02 1.244182590310781045e+01
5.000000000000000000e+02 1.295998087805444854e+01
5.020000000000000000e+02 1.346754638068730081e+01
5.040000000000000000e+02 1.396445960122295560e+01
5.060000000000000000e+02 1.445066613721943938e+01
5.080000000000000000e+02 1.492611980314674547e+01
5.100000000000000000e+02 1.539078243823280268e+01
5.120000000000000000e+02 1.584462371291691873e+01
5.140000000000000000e+02 1.628762093412034062e+01
5.160000000000000000e+02 1.671975884964989234e+01
5.180000000000000000e+02 1.714102945192703942e+01
5.200000000000000000e+02 1.755143178134265014e+01
5.220000000000000000e+02 1.795097172940796071e+01
5.240000000000000000e+02 1.833966184196971128e+01
5.260000000000000000e+02 1.871752112267985524e+01
5.280000000000000000e+02 1.908457483691325507e+01
5.300000000000000000e+02 1.944085431635075167e+01
5.320000000000000000e+02 1.978639676439167516e+01
5.340000000000000000e+02 2.012124506258578904e+01
5.360000000000000000e+02 2.044544757823056713e+01
5.380000000000000000e+02 2.075905797332597658e+01
5.400000000000000000e+02 2.106213501500121055e+01
5.420000000000000000e+02 2.135474238758143528e+01
5.440000000000000000e+02 2.163694850642109202e+01
5.460000000000000000e+02 2.190882633362040721e+01
5.480000000000000000e+02 2.217045319576559592e+01
5.500000000000000000e+02 2.242191060378498335e+01
5.520000000000000000e+02 2.266328407503912246e+01
5.540000000000000000e+02 2.289466295773588200e+01
5.560000000000000000e+02 2.311614025775777392e+01
5.580000000000000000e+02 2.332781246800928088e+01
5.600000000000000000e+02 2.352977940032531023e+01
5.620000000000000000e+02 2.372214402005142020e+01
5.640000000000000000e+02 2.390501228332567862e+01
5.660000000000000000e+02 2.407849297716188275e+01
5.680000000000000000e+02 2.424269756234670226e+01
5.700000000000000000e+02 2.439774001923979085e+01
5.720000000000000000e+02 2.454373669648801837e+01
5.740000000000000000e+02 2.468080616271721794e+01
5.760000000000000000e+02 2.480906906122135425e+01
5.780000000000000000e+02 2.492864796768397539e+01
5.800000000000000000e+02 2.503966725095406431e+01
5.820000000000000000e+02 2.514225293690571306e+01
5.840000000000000000e+02 2.523653257537809935e+01
5.860000000000000000e+02 2.532263511023906943e+01
5.880000000000000000e+02 2.540069075254486464e+01
5.900000000000000000e+02 2.547083085683091142e+01
5.920000000000000000e+02 2.553318780052025261e+01
5.940000000000000000e+02 2.558789486644752742e+01
5.960000000000000000e+02 2.563508612849808443e+01
5.980000000000000000e+02 2.567489634035420565e+01
6.000000000000000000e+02 2.570746082732901883e+01
6.020000000000000000e+02 2.573291538128681921e+01
6.040000000000000000e+02 2.575139615862030240e+01
6.060000000000000000e+02 2.576303958127471816e+01
6.080000000000000000e+02 2.576798224079336563e+01
6.100000000000000000e+02 2.576636080535887885e+01
6.120000000000000000e+02 2.575831192981343420e+01
6.140000000000000000e+02 2.574397216861367710e+01
6.160000000000000000e+02 2.572347789170717647e+01
6.180000000000000000e+02 2.569696520329355849e+01
6.200000000000000000e+02 2.566456986342538471e+01
6.220000000000000000e+02 2.562642721243730293e+01
6.240000000000000000e+02 2.558267209814359333e+01
6.260000000000000000e+02 2.553343880578457004e+01
6.280000000000000000e+02 2.547886099066916898e+01
6.300000000000000000e+02 2.541907161348678201e+01
6.320000000000000000e+02 2.535420287823992425e+01
6.340000000000000000e+02 2.528438617275131151e+01
6.360000000000000000e+02 2.520975201171949109e+01
6.380000000000000000e+02 2.513042998225970237e+01
6.400000000000000000e+02 2.504654869189826272e+01
6.420000000000000000e+02 2.495823571897466664e+01
6.440000000000000000e+02 2.486561756540040236e+01
6.460000000000000000e+02 2.476881961173399560e+01
6.480000000000000000e+02 2.466796607452677037e+01
6.500000000000000000e+02 2.456317996588617447e+01
6.520000000000000000e+02 2.445458305521882991e+01
6.540000000000000000e+02 2.434229583309912570e+01
6.560000000000000000e+02 2.422643747722016272e+01
6.580000000000000000e+02 2.410712582038155816e+01
6.600000000000000000e+02 2.398447732045898917e+01
6.620000000000000000e+02 2.385860703231869806e+01
6.640000000000000000e+02 2.372962858162349420e+01
6.660000000000000000e+02 2.359765414048232657e+01
6.680000000000000000e+02 2.346279440490191348e+01
6.700000000000000000e+02 2.332515857399013015e+01
6.720000000000000000e+02 2.318485433086417657e+01
6.740000000000000000e+02 2.304198782521952893e+01
6.760000000000000000e+02 2.289666365751338972e+01
6.780000000000000000e+02 2.274898486471577286e+01
6.800000000000000000e+02 2.259905290758439378e+01
6.820000000000000000e+02 2.244696765941914052e+01
6.840000000000000000e+02 2.229282739625018195e+01
6.860000000000000000e+02 2.213672878841716596e+01
6.880000000000000000e+02 2.197876689349453372e+01
6.900000000000000000e+02 2.181903515052383824e+01
6.920000000000000000e+02 2.165762537550698141e+01
6.940000000000000000e+02 2.149462775811764459e+01
6.960000000000000000e+02 2.133013085959755983e+01
6.980000000000000000e+02 2.116422161178564565e+01
7.000000000000000000e+02 2.099698531724813577e+01
7.020000000000000000e+02 2.082850565046989644e+01
7.040000000000000000e+02 2.065886466006124778e+01
7.060000000000000000e+02 2.048814277195309685e+01
7.080000000000000000e+02 2.031641879353133362e+01
7.100000000000000000e+02 2.014376991868216749e+01
7.120000000000000000e+02 1.997027173370835484e+01
7.140000000000000000e+02 1.979599822408235710e+01
7.160000000000000000e+02 1.962102178199731384e+01
7.180000000000000000e+02 1.944541321469102257e+01
7.200000000000000000e+02 1.926924175349648749e+01
7.220000000000000000e+02 1.909257506360007639e+01
7.240000000000000000e+02 1.891547925446178979e+01
7.260000000000000000e+02 1.873801889087803474e+01
7.280000000000000000e+02 1.856025700464712358e+01
7.300000000000000000e+02 1.838225510681224861e+01
7.320000000000000000e+02 1.820407320045201160e+01
7.340000000000000000e+02 1.802576979398790158e+01
7.360000000000000000e+02 1.784740191498272210e+01
7.380000000000000000e+02 1.766902512440152506e+01
7.400000000000000000e+02 1.749069353130909121e+01
7.420000000000000000e+02 1.731245980797626771e+01
7.440000000000000000e+02 1.713437520537333825e+01
7.460000000000000000e+02 1.695648956902184068e+01
7.480000000000000000e+02 1.677885135518264903e+01
7.500000000000000000e+02 1.660150764735843509e+01
7.520000000000000000e+02 1.642450417308475608e+01
7.540000000000000000e+02 1.624788532098958171e+01
7.560000000000000000e+02 1.607169415810042779e+01
7.580000000000000000e+02 1.589597244737575288e+01
7.600000000000000000e+02 1.572076066544441630e+01
7.620000000000000000e+02 1.554609802052934597e+01
7.640000000000000000e+02 1.537202247053921056e+01
7.660000000000000000e+02 1.519857074130960051e+01
7.680000000000000000e+02 1.502577834497379961e+01
7.700000000000000000e+02 1.485367959844895580e+01
7.720000000000000000e+02 1.468230764201977578e+01
7.740000000000000000e+02 1.451169445800178970e+01
7.760000000000000000e+02 1.434187088947177457e+01
7.780000000000000000e+02 1.417286665904879150e+01
7.800000000000000000e+02 1.400471038771167898e+01
7.820000000000000000e+02 1.383742961363819823e+01
7.840000000000000000e+02 1.367105081105435005e+01
7.860000000000000000e+02 1.350559940907929679e+01
7.880000000000000000e+02 1.334109981055397931e+01
7.900000000000000000e+02 1.317757541084233175e+01
7.920000000000000000e+02 1.301504861659185508e+01
7.940000000000000000e+02 1.285354086444476351e+01
7.960000000000000000e+02 1.269307263968750021e+01
7.980000000000000000e+02 1.253366349482934616e+01
8.000000000000000000e+02 1.237533206810011066e+01
8.020000000000000000e+02 1.221809610185859185e+01
8.040000000000000000e+02 1.206197246090110298e+01
8.060000000000000000e+02 1.190697715066428763e+01
8.080000000000000000e+02 1.175312533531198866e+01
8.100000000000000000e+02 1.160043135569959638e+01
8.120000000000000000e+02 1.144890874720899632e+01
8.140000000000000000e+02 1.129857025744594523e+01
8.160000000000000000e+02 1.114942786379518580e+01
8.180000000000000000e+02 1.100149279082557285e+01
8.200000000000000000e+02 1.085477552754024622e+01
8.220000000000000000e+02 1.070928584446625642e+01
8.240000000000000000e+02 1.056503281057831423e+01
8.260000000000000000e+02 1.042202481005237225e+01
8.280000000000000000e+02 1.028026955884315186e+01
8.300000000000000000e+02 1.013977412108391185e+01
8.320000000000000000e+02 1.000054492530111006e+01
8.340000000000000000e+02 9.862587780443675456e+00
8.360000000000000000e+02 9.725907891720963150e+00
8.380000000000000000e+02 9.590509876248212606e+00
8.400000000000000000e+02 9.456397778494610051e+00
8.420000000000000000e+02 9.323575085532992190e+00
8.440000000000000000e+02 9.192044742088800291e+00
8.460000000000000000e+02 9.061809165384232756e+00
8.480000000000000000e+02 8.932870259778338706e+00
8.500000000000000000e+02 8.805229431198913659e+00
8.520000000000000000e+02 8.678887601366456650e+00
8.540000000000000000e+02 8.553845221808034083e+00
8.560000000000000000e+02 8.430102287659840599e+00
8.580000000000000000e+02 8.307658351258098151e+00
8.600000000000000000e+02 8.186512535517058708e+00
8.620000000000000000e+02 8.066663547093790854e+00
8.640000000000000000e+02 7.948109689339180939e+00
8.660000000000000000e+02 7.830848875035196777e+00
8.680000000000000000e+02 7.714878638917944009e+00
8.700000000000000000e+02 7.600196149986656380e+00
8.720000000000000000e+02 7.486798223599322455e+00
8.740000000000000000e+02 7.374681333354495827e+00
8.760000000000000000e+02 7.263841622760281780e+00
8.780000000000000000e+02 7.154274916691042208e+00
8.800000000000000000e+02 7.045976732632380113e+00
8.820000000000000000e+02 6.938942291715298083e+00
8.840000000000000000e+02 6.833166529540422474e+00
8.860000000000000000e+02 6.728644106793889357e+00
8.880000000000000000e+02 6.625369419654427716e+00
8.900000000000000000e+02 6.523336609995345370e+00
8.920000000000000000e+02 6.422539575380372234e+00
8.940000000000000000e+02 6.322971978856350539e+00
8.960000000000000000e+02 6.224627258543280028e+00
8.980000000000000000e+02 6.127498637024284101e+00
9.000000000000000000e+02 6.031579130535818400e+00
9.020000000000000000e+02 5.936861557961274016e+00
9.040000000000000000e+02 5.843338549628748879e+00
9.060000000000000000e+02 5.751002555914918268e+00
9.080000000000000000e+02 5.659845855657632541e+00
9.100000000000000000e+02 5.569860564378113388e+00
9.120000000000000000e+02 5.481038642315744447e+00
9.140000000000000000e+02 5.393371902276627772e+00
9.160000000000000000e+02 5.306852017298740343e+00
9.180000000000000000e+02 5.221470528135344402e+00
9.200000000000000000e+02 5.137218850558892491e+00
9.220000000000000000e+02 5.054088282487710693e+00
9.240000000000000000e+02 4.972070010937747142e+00
9.260000000000000000e+02 4.891155118801312263e+00
9.280000000000000000e+02 4.811334591455540100e+00
9.300000000000000000e+02 4.732599323202450137e+00
9.320000000000000000e+02 4.654940123543314101e+00
9.340000000000000000e+02 4.578347723289241777e+00
9.360000000000000000e+02 4.502812780510713431e+00
9.380000000000000000e+02 4.428325886328267735e+00
9.400000000000000000e+02 4.354877570546768162e+00
9.420000000000000000e+02 4.282458307135369679e+00
9.440000000000000000e+02 4.211058519556121205e+00
9.460000000000000000e+02 4.140668585943035218e+00
9.480000000000000000e+02 4.071278844134401886e+00
9.500000000000000000e+02 4.002879596560567244e+00
9.520000000000000000e+02 3.935461114989694309e+00
9.540000000000000000e+02 3.869013645133679624e+00
9.560000000000000000e+02 3.803527411117007873e+00
9.580000000000000000e+02 3.738992619810498574e+00
9.600000000000000000e+02 3.675399465032707091e+00
9.620000000000000000e+02 3.612738131620980564e+00
9.640000000000000000e+02 3.550998799374973647e+00
9.660000000000000000e+02 3.490171646874625111e+00
9.680000000000000000e+02 3.430246855175004494e+00
9.700000000000000000e+02 3.371214611380491277e+00
9.720000000000000000e+02 3.313065112100590515e+00
9.740000000000000000e+02 3.255788566789410421e+00
9.760000000000000000e+02 3.199375200971526390e+00
9.780000000000000000e+02 3.143815259356219638e+00
9.800000000000000000e+02 3.089099008842276284e+00
9.820000000000000000e+02 3.035216741415882158e+00
9.840000000000000000e+02 2.982158776943493628e+00
9.860000000000000000e+02 2.929915465862174884e+00
9.880000000000000000e+02 2.878477191769313048e+00
9.900000000000000000e+02 2.827834373914102084e+00
9.920000000000000000e+02 2.777977469592705972e+00
9.940000000000000000e+02 2.728896976449402878e+00
9.960000000000000000e+02 2.680583434685659849e+00
9.980000000000000000e+02 2.633027429179279011e+00
1.000000000000000000e+03 2.586219591515620753e+00
1.002000000000000000e+03 2.540150601932847252e+00
1.004000000000000000e+03 2.494811191183446741e+00
1.006000000000000000e+03 2.450192142313593280e+00
1.008000000000000000e+03 2.406284292362645516e+00
1.010000000000000000e+03 2.363078533984454221e+00
1.012000000000000000e+03 2.320565816992574248e+00
1.014000000000000000e+03 2.278737149831040920e+00
1.016000000000000000e+03 2.237583600972687936e+00
1.018000000000000000e+03 2.197096300246779155e+00
1.020000000000000000e+03 2.157266440097711069e+00
1.022000000000000000e+03 2.118085276776562775e+00
1.024000000000000000e+03 2.079544131467289780e+00
1.026000000000000000e+03 2.041634391349091082e+00
1.028000000000000000e+03 2.004347510596853343e+00
1.030000000000000000e+03 1.967675011321137202e+00
1.032000000000000000e+03 1.931608484449464536e+00
1.034000000000000000e+03 1.896139590550342868e+00
1.036000000000000000e+03 1.861260060601858335e+00
1.038000000000000000e+03 1.826961696706055793e+00
1.040000000000000000e+03 1.793236372750907748e+00
1.042000000000000000e+03 1.760076035021168162e+00
1.044000000000000000e+03 1.727472702759754952e+00
1.046000000000000000e+03 1.695418468680875090e+00
1.048000000000000000e+03 1.663905499436524327e+00
1.050000000000000000e+03 1.632926036037613438e+00
1.052000000000000000e+03 1.602472394231135633e+00
1.054000000000000000e+03 1.572536964834690520e+00
1.056000000000000000e+03 1.543112214029679352e+00
1.058000000000000000e+03 1.514190683614458965e+00
1.060000000000000000e+03 1.485764991218719633e+00
1.062000000000000000e+03 1.457827830480310283e+00
1.064000000000000000e+03 1.430371971185689484e+00
1.066000000000000000e+03 1.403390259375272731e+00
1.068000000000000000e+03 1.376875617414767383e+00
1.070000000000000000e+03 1.350821044033623686e+00
1.072000000000000000e+03 1.325219614331751616e+00
1.074000000000000000e+03 1.300064479755620894e+00
1.076000000000000000e+03 1.275348868044695161e+00
1.078000000000000000e+03 1.251066083149385388e+00
1.080000000000000000e+03 1.227209505121420907e+00
1.082000000000000000e+03 1.203772589977745611e+00
1.084000000000000000e+03 1.180748869538794876e+00
1.086000000000000000e+03 1.158131951242225899e+00
1.088000000000000000e+03 1.135915517932929886e+00
1.090000000000000000e+03 1.114093327630314656e+00
1.092000000000000000e+03 1.092659213273687202e+00
1.094000000000000000e+03 1.071607082446667691e+00
1.096000000000000000e+03 1.050930917081402960e+00
1.098000000000000000e+03 1.030624773143472783e+00
1.100000000000000000e+03 1.010682780298276739e+00
1.102000000000000000e+03 9.910991415596633880e-01
1.104000000000000000e+03 9.718681329215930198e-01
1.106000000000000000e+03 9.529841029736234592e-01
1.108000000000000000e+03 9.344414725008374223e-01
1.110000000000000000e+03 9.162347340690482067e-01
1.112000000000000000e+03 8.983584515958782379e-01
1.114000000000000000e+03 8.808072599084699750e-01
1.116000000000000000e+03 8.635758642884044933e-01
1.118000000000000000e+03 8.466590400045270748e-01
1.120000000000000000e+03 8.300516318343059696e-01
1.122000000000000000e+03 8.137485535742502440e-01
1.124000000000000000e+03 7.977447875401090238e-01
1.126000000000000000e+03 7.820353840572904502e-01
1.128000000000000000e+03 7.666154609421605981e-01
1.130000000000000000e+03 7.514802029747079670e-01
1.132000000000000000e+03 7.366248613631267705e-01
1.134000000000000000e+03 7.220447532008169578e-01
1.136000000000000000e+03 7.077352609162993469e-01
1.138000000000000000e+03 6.936918317165514658e-01
1.140000000000000000e+03 6.799099770241933127e-01
1.142000000000000000e+03 6.663852719090149757e-01
1.144000000000000000e+03 6.531133545142699948e-01
1.146000000000000000e+03 6.400899254781579062e-01
1.148000000000000000e+03 6.273107473509172971e-01
1.150000000000000000e+03 6.147716440079494804e-01
1.152000000000000000e+03 6.024685000593223982e-01
1.154000000000000000e+03 5.903972602560561000e-01
1.156000000000000000e+03 5.785539288935749314e-01
1.158000000000000000e+03 5.669345692126297465e-01
1.160000000000000000e+03 5.555353027980773906e-01
1.162000000000000000e+03 5.443523089758277589e-01
1.164000000000000000e+03 5.333818242082692951e-01
1.166000000000000000e+03 5.226201414885147667e-01
1.168000000000000000e+03 5.120636097337245562e-01
1.170000000000000000e+03 5.017086331778187747e-01
1.172000000000000000e+03 4.915516707638594163e-01
1.174000000000000000e+03 4.815892355363576849e-01
1.176000000000000000e+03 4.718178940337670602e-01
1.178000000000000000e+03 4.622342656814214523e-01
1.180000000000000000e+03 4.528350221851389912e-01
1.182000000000000000e+03 4.436168869257500758e-01
1.184000000000000000e+03 4.345766343547379229e-01
1.186000000000000000e+03 4.257110893912351979e-01
1.188000000000000000e+03 4.170171268205650206e-01
1.190000000000000000e+03 4.084916706945281861e-01
1.192000000000000000e+03 4.001316937336196755e-01
1.194000000000000000e+03 3.919342167313736858e-01
1.196000000000000000e+03 3.838963079609853390e-01
1.198000000000000000e+03 3.760150825843968647e-01
1.200000000000000000e+03 3.682877020639993559e-01
1.202000000000000000e+03 3.607113735771001473e-01
1.204000000000000000e+03 3.532833494333019742e-01
1.206000000000000000e+03 3.460009264949417962e-01
1.208000000000000000e+03 3.388614456007124631e-01
1.210000000000000000e+03 3.318622909925906250e-01
1.212000000000000000e+03 3.250008897462080548e-01
1.214000000000000000e+03 3.182747112047569216e-01
1.216000000000000000e+03 3.116812664165616309e-01
1.218000000000000000e+03 3.052181075763997775e-01
1.220000000000000000e+03 2.988828274706846200e-01
1.222000000000000000e+03 2.926730589265938987e-01
1.224000000000000000e+03 2.865864742652302066e-01
1.226000000000000000e+03 2.806207847589043403e-01
1.228000000000000000e+03 2.747737400926131834e-01
1.230000000000000000e+03 2.690431278297744089e-01
1.232000000000000000e+03 2.634267728823124766e-01
1.234000000000000000e+03 2.579225369851309568e-01
1.236000000000000000e+03 2.525283181750478945e-01
1.238000000000000000e+03 2.472420502742444515e-01
1.240000000000000000e+03 2.420617023782790089e-01
1.242000000000000000e+03 2.369852783487104153e-01
1.244000000000000000e+03 2.320108163103780374e-01
1.246000000000000000e+03 2.271363881533782214e-01
1.248000000000000000e+03 2.223600990397700261e-01
1.250000000000000000e+03 2.176800869150468110e-01
1.252000000000000000e+03 2.130945220244005733e-01
1.254000000000000000e+03 2.086016064338054310e-01
1.256000000000000000e+03 2.041995735559481440e-01
1.258000000000000000e+03 1.998866876810166393e-01
1.260000000000000000e+03 1.956612435123743499e-01
1.262000000000000000e+03 1.915215657071272226e-01
1.264000000000000000e+03 1.874660084215960809e-01
1.266000000000000000e+03 1.834929548617115769e-01
1.268000000000000000e+03 1.796008168383233794e-01
1.270000000000000000e+03 1.757880343274460244e-01
1.272000000000000000e+03 1.720530750354252181e-01
1.274000000000000000e+03 1.683944339690404135e-01
1.276000000000000000e+03 1.648106330105274520e-01
1.278000000000000000e+03 1.613002204975299281e-01
1.280000000000000000e+03 1.578617708079593784e-01
1.282000000000000000e+03 1.544938839497678185e-01
1.284000000000000000e+03 1.511951851556135595e-01
1.286000000000000000e+03 1.479643244824122017e-01
1.288000000000000000e+03 1.447999764157598956e-01
1.290000000000000000e+03 1.417008394792120540e-01
1.292000000000000000e+03 1.386656358483978613e-01
1.294000000000000000e+03 1.356931109699573146e-01
1.296000000000000000e+03 1.327820331852785363e-01
1.298000000000000000e+03 1.299311933590126533e-01
1.300000000000000000e+03 1.271394045123455663e-01
1.302000000000000000e+03 1.244055014610025572e-01
1.304000000000000000e+03 1.217283404579605488e-01
1.306000000000000000e+03 1.191067988408416878e-01
1.308000000000000000e+03 1.165397746839611226e-01
1.310000000000000000e+03 1.140261864550008303e-01
1.312000000000000000e+03 1.115649726762808075e-01
1.314000000000000000e+03 1.091550915905963315e-01
1.316000000000000000e+03 1.067955208315925775e-01
1.318000000000000000e+03 1.044852570986401080e-01
1.320000000000000000e+03 1.022233158361866984e-01
1.322000000000000000e+03 1.000087309175420741e-01
1.324000000000000000e+03 9.784055433307092819e-02
1.326000000000000000e+03 9.571785588275383283e-02
1.328000000000000000e+03 9.363972287308018616e-02
1.330000000000000000e+03 9.160525981824474417e-02
1.332000000000000000e+03 8.961358814560120567e-02
1.334000000000000000e+03 8.766384590534377630e-02
1.336000000000000000e+03 8.575518748437559180e-02
1.338000000000000000e+03 8.388678332432802920e-02
1.340000000000000000e+03 8.205781964369070203e-02
1.342000000000000000e+03 8.026749816401662629e-02
1.344000000000000000e+03 7.851503584016061854e-02
1.346000000000000000e+03 7.679966459451534333e-02
1.348000000000000000e+03 7.512063105520050410e-02
1.350000000000000000e+03 7.347719629817206499e-02
1.352000000000000000e+03 7.186863559320569306e-02
1.354000000000000000e+03 7.029423815371835249e-02
1.356000000000000000e+03 6.875330689038612608e-02
1.358000000000000000e+03 6.724515816851864281e-02
1.360000000000000000e+03 6.576912156914847818e-02
1.362000000000000000e+03 6.432453965379772431e-02
1.364000000000000000e+03 6.291076773287729296e-02
1.366000000000000000e+03 6.152717363768226561e-02
1.368000000000000000e+03 6.017313749593980465e-02
1.370000000000000000e+03 5.884805151086958813e-02
1.372000000000000000e+03 5.755131974371832659e-02
1.374000000000000000e+03 5.628235789972422382e-02
1.376000000000000000e+03 5.504059311747300925e-02
1.378000000000000000e+03 5.382546376160541463e-02
1.380000000000000000e+03 5.263641921883385061e-02
1.382000000000000000e+03 5.147291969722959243e-02
1.384000000000000000e+03 5.033443602873956951e-02
1.386000000000000000e+03 4.922044947489304101e-02
1.388000000000000000e+03 4.813045153565805728e-02
1.390000000000000000e+03 4.706394376140680957e-02
1.392000000000000000e+03 4.602043756795314022e-02
1.394000000000000000e+03 4.499945405461923398e-02
1.396000000000000000e+03 4.400052382529535955e-02
1.398000000000000000e+03 4.302318681245109744e-02
1.400000000000000000e+03 4.206699210406084771e-02
1.402000000000000000e+03 4.113149777340475988e-02
1.404000000000000000e+03 4.021627071170568585e-02
1.406000000000000000e+03 3.932088646356499823e-02
1.408000000000000000e+03 3.844492906515914465e-02
1.410000000000000000e+03 3.758799088515925313e-02
1.412000000000000000e+03 3.674967246833574230e-02
1.414000000000000000e+03 3.592958238181240271e-02
1.416000000000000000e+03 3.512733706393048744e-02
1.418000000000000000e+03 3.434256067568913079e-02
1.420000000000000000e+03 3.357488495472399359e-02
1.422000000000000000e+03 3.282394907178790705e-02
1.424000000000000000e+03 3.208939948969965344e-02
1.426000000000000000e+03 3.137088982472300419e-02
1.428000000000000000e+03 3.066808071034293065e-02
1.430000000000000000e+03 2.998063966340304420e-02
1.432000000000000000e+03 2.930824095257041420e-02
1.434000000000000000e+03 2.865056546909274665e-02
1.436000000000000000e+03 2.800730059981541842e-02
1.438000000000000000e+03 2.737814010242322835e-02
1.440000000000000000e+03 2.676278398287519622e-02
1.442000000000000000e+03 2.616093837499815569e-02
1.444000000000000000e+03 2.557231542220776699e-02
1.446000000000000000e+03 2.499663316132375024e-02
1.448000000000000000e+03 2.443361540844829483e-02
1.450000000000000000e+03 2.388299164687570503e-02
1.452000000000000000e+03 2.334449691700155038e-02
1.454000000000000000e+03 2.281787170820185132e-02
1.456000000000000000e+03 2.230286185265006535e-02
1.458000000000000000e+03 2.179921842104316082e-02
1.460000000000000000e+03 2.130669762020563976e-02
1.462000000000000000e+03 2.082506069254338663e-02
1.464000000000000000e+03 2.035407381731669726e-02
1.466000000000000000e+03 1.989350801370476721e-02
1.468000000000000000e+03 1.944313904563257922e-02
1.470000000000000000e+03 1.900274732833241720e-02
1.472000000000000000e+03 1.857211783661151874e-02
1.474000000000000000e+03 1.815104001479928703e-02
1.476000000000000000e+03 1.773930768834631327e-02
1.478000000000000000e+03 1.733671897704829740e-02
1.480000000000000000e+03 1.694307620986922058e-02
1.482000000000000000e+03 1.655818584133635085e-02
1.484000000000000000e+03 1.618185836948279194e-02
1.486000000000000000e+03 1.581390825531037506e-02
1.488000000000000000e+03 1.545415384374974541e-02
1.490000000000000000e+03 1.510241728609092518e-02
1.492000000000000000e+03 1.475852446386098638e-02
1.494000000000000000e+03 1.442230491412456808e-02
1.496000000000000000e+03 1.409359175618310651e-02
1.498000000000000000e+03 1.377222161964934341e-02
1.500000000000000000e+03 1.345803457387398719e-02
1.502000000000000000e+03 1.315087405870169097e-02
1.504000000000000000e+03 1.285058681653375098e-02
1.506000000000000000e+03 1.255702282567509355e-02
1.508000000000000000e+03 1.227003523494393962e-02
1.510000000000000000e+03 1.198948029952222327e-02
1.512000000000000000e+03 1.171521731802560064e-02
1.514000000000000000e+03 1.144710857077206601e-02
1.516000000000000000e+03 1.118501925922818496e-02
1.518000000000000000e+03 1.092881744661302473e-02
1.520000000000000000e+03 1.067837399963904484e-02
1.522000000000000000e+03 1.043356253137059028e-02
1.524000000000000000e+03 1.019425934518025136e-02
1.526000000000000000e+03 9.960343379783935178e-03
1.528000000000000000e+03 9.731696155335539319e-03
1.530000000000000000e+03 9.508201720562596548e-03
1.532000000000000000e+03 9.289746600924709066e-03
1.534000000000000000e+03 9.076219747776215901e-03
1.536000000000000000e+03 8.867512488515708058e-03
1.538000000000000000e+03 8.663518477704449175e-03
1.540000000000000000e+03 8.464133649136600795e-03
1.542000000000000000e+03 8.269256168844137458e-03
1.544000000000000000e+03 8.078786389019756639e-03
1.546000000000000000e+03 7.892626802840991412e-03
1.548000000000000000e+03 7.710682000179762408e-03
1.550000000000000000e+03 7.532858624180762547e-03
1.552000000000000000e+03 7.359065328693461042e-03
1.554000000000000000e+03 7.189212736541905971e-03
1.556000000000000000e+03 7.023213398617119720e-03
1.558000000000000000e+03 6.860981753777111412e-03
1.560000000000000000e+03 6.702434089539819305e-03
1.562000000000000000e+03 6.547488503554152114e-03
1.564000000000000000e+03 6.396064865835280125e-03
1.566000000000000000e+03 6.248084781749555817e-03
1.568000000000000000e+03 6.103471555735865382e-03
1.570000000000000000e+03 5.962150155749073623e-03
1.572000000000000000e+03 5.824047178412855401e-03
1.574000000000000000e+03 5.689090814868220589e-03
1.576000000000000000e+03 5.557210817305115874e-03
1.578000000000000000e+03 5.428338466164153719e-03
1.580000000000000000e+03 5.302406537996070396e-03
1.582000000000000000e+03 5.179349273966540185e-03
1.584000000000000000e+03 5.059102348994235637e-03
1.586000000000000000e+03 4.941602841510198997e-03
1.588000000000000000e+03 4.826789203826921219e-03
1.590000000000000000e+03 4.714601233105485123e-03
1.592000000000000000e+03 4.604980042909525596e-03
1.594000000000000000e+03 4.497868035334976616e-03
1.596000000000000000e+03 4.393208873704408310e-03
1.598000000000000000e+03 4.290947455815551786e-03
1.600000000000000000e+03 4.191029887733189671e-03
1.602000000000000000e+03 4.093403458114120222e-03
1.604000000000000000e+03 3.998016613055096341e-03
1.606000000000000000e+03 3.904818931453542339e-03
1.608000000000000000e+03 3.813761100871332268e-03
1.610000000000000000e+03 3.724794893891911034e-03
1.612000000000000000e+03 3.637873144961265449e-03
1.614000000000000000e+03 3.552949727703371210e-03
1.616000000000000000e+03 3.469979532701055348e-03
1.618000000000000000e+03 3.388918445733042802e-03
1.620000000000000000e+03 3.309723326458637125e-03
1.622000000000000000e+03 3.232351987541053767e-03
1.624000000000000000e+03 3.156763174201057589e-03
1.626000000000000000e+03 3.082916544192434386e-03
1.628000000000000000e+03 3.010772648191065159e-03
1.630000000000000000e+03 2.940292910589552278e-03
1.632000000000000000e+03 2.871439610689414338e-03
1.634000000000000000e+03 2.804175864283053876e-03
1.636000000000000000e+03 2.738465605617873815e-03
1.638000000000000000e+03 2.674273569734978394e-03
1.640000000000000000e+03 2.611565275175092935e-03
1.642000000000000000e+03 2.550307007044470831e-03
1.644000000000000000e+03 2.490465800433622895e-03
1.646000000000000000e+03 2.432009424181958823e-03
1.648000000000000000e+03 2.374906364981381902e-03
1.650000000000000000e+03 2.319125811812206440e-03
1.652000000000000000e+03 2.264637640704722683e-03
1.654000000000000000e+03 2.211412399819922235e-03
1.656000000000000000e+03 2.159421294843081283e-03
1.658000000000000000e+03 2.108636174683868603e-03
1.660000000000000000e+03 2.059029517476910261e-03
1.662000000000000000e+03 2.010574416876758155e-03
1.664000000000000000e+03 1.963244568641378182e-03
1.666000000000000000e+03 1.917014257498339145e-03
1.668000000000000000e+03 1.871858344288054995e-03
1.670000000000000000e+03 1.827752253378425208e-03
1.672000000000000000e+03 1.784671960345513226e-03
1.674000000000000000e+03 1.742593979914784479e-03
1.676000000000000000e+03 1.701495354157678795e-03
1.678000000000000000e+03 1.661353640938358555e-03
1.680000000000000000e+03 1.622146902605546169e-03
1.682000000000000000e+03 1.583853694924454002e-03
1.684000000000000000e+03 1.546453056243975556e-03
1.686000000000000000e+03 1.509924496894309714e-03
1.688000000000000000e+03 1.474247988810326298e-03
1.690000000000000000e+03 1.439403955376086092e-03
1.692000000000000000e+03 1.405373261485985117e-03
1.694000000000000000e+03 1.372137203818080521e-03
1.696000000000000000e+03 1.339677501315277757e-03
1.698000000000000000e+03 1.307976285870101219e-03
1.700000000000000000e+03 1.277016093208865064e-03
1.702000000000000000e+03 1.246779853971163475e-03
1.704000000000000000e+03 1.217250884980630461e-03
1.706000000000000000e+03 1.188412880703066266e-03
1.708000000000000000e+03 1.160249904888048088e-03
1.710000000000000000e+03 1.132746382390213257e-03
1.712000000000000000e+03 1.105887091166542907e-03
1.714000000000000000e+03 1.079657154445977417e-03
1.716000000000000000e+03 1.054042033067795290e-03
1.718000000000000000e+03 1.029027517985253715e-03
1.720000000000000000e+03 1.004599722931072544e-03
1.722000000000000000e+03 9.807450772413700817e-04
1.724000000000000000e+03 9.574503188347897225e-04
1.726000000000000000e+03 9.347024873435470652e-04
1.728000000000000000e+03 9.124889173932513534e-04
1.730000000000000000e+03 8.907972320283824314e-04
1.732000000000000000e+03 8.696153362803959053e-04
1.734000000000000000e+03 8.489314108754467646e-04
1.736000000000000000e+03 8.287339060788292706e-04
1.738000000000000000e+03 8.090115356732561830e-04
1.740000000000000000e+03 7.897532710681645770e-04
1.742000000000000000e+03 7.709483355373051129e-04
1.744000000000000000e+03 7.525861985819096720e-04
1.746000000000000000e+03 7.346565704167907140e-04
1.748000000000000000e+03 7.171493965767921719e-04
1.750000000000000000e+03 7.000548526410395626e-04
1.752000000000000000e+03 6.833633390725141893e-04
1.754000000000000000e+03 6.670654761705024395e-04
1.756000000000000000e+03 6.511520991335386201e-04
1.758000000000000000e+03 6.356142532305064999e-04
1.760000000000000000e+03 6.204431890775806684e-04
1.762000000000000000e+03 6.056303580188033111e-04
1.764000000000000000e+03 5.911674076080573057e-04
1.766000000000000000e+03 5.770461771903043170e-04
1.768000000000000000e+03 5.632586935799526601e-04
1.770000000000000000e+03 5.497971668343210787e-04
1.772000000000000000e+03 5.366539861201226249e-04
1.774000000000000000e+03 5.238217156710386511e-04
1.776000000000000000e+03 5.112930908343816952e-04
1.778000000000000000e+03 4.990610142049976090e-04
1.780000000000000000e+03 4.871185518444891391e-04
1.782000000000000000e+03 4.754589295839706719e-04
1.784000000000000000e+03 4.640755294085503009e-04
1.786000000000000000e+03 4.529618859217798810e-04
1.788000000000000000e+03 4.421116828883618751e-04
1.790000000000000000e+03 4.315187498534439701e-04
1.792000000000000000e+03 4.211770588368215465e-04
1.794000000000000000e+03 4.110807211004744452e-04
1.796000000000000000e+03 4.012239839878241408e-04
1.798000000000000000e+03 3.916012278331872055e-04
1.800000000000000000e+03 3.822069629399041987e-04
1.802000000000000000e+03 3.730358266256466986e-04
1.804000000000000000e+03 3.640825803334764798e-04
1.806000000000000000e+03 3.553421068072124076e-04
1.808000000000000000e+03 3.468094073297179215e-04
1.810000000000000000e+03 3.384795990227522280e-04
1.812000000000000000e+03 3.303479122070468650e-04
1.814000000000000000e+03 3.224096878212895172e-04
1.816000000000000000e+03 3.146603748987540487e-04
1.818000000000000000e+03 3.070955281003139806e-04
1.820000000000000000e+03 2.997108053026006609e-04
1.822000000000000000e+03 2.925019652401388720e-04
1.824000000000000000e+03 2.854648652002430230e-04
1.826000000000000000e+03 2.785954587695499353e-04
1.828000000000000000e+03 2.718897936310597807e-04
1.830000000000000000e+03 2.653440094105656284e-04
1.832000000000000000e+03 2.589543355714102194e-04
1.834000000000000000e+03 2.527170893565050644e-04
1.836000000000000000e+03 2.466286737765747191e-04
1.838000000000000000e+03 2.406855756436162197e-04
1.840000000000000000e+03 2.348843636485898202e-04
1.842000000000000000e+03 2.292216864823550849e-04
1.844000000000000000e+03 2.236942709989149080e-04
1.846000000000000000e+03 2.182989204200393824e-04
1.848000000000000000e+03 2.130325125803457791e-04
1.850000000000000000e+03 2.078919982119626112e-04
1.852000000000000000e+03 2.028743992678926425e-04
1.854000000000000000e+03 1.979768072832284551e-04
1.856000000000000000e+03 1.931963817733849305e-04
1.858000000000000000e+03 1.885303486685311258e-04
1.860000000000000000e+03 1.839759987834244689e-04
1.862000000000000000e+03 1.795306863218613870e-04
1.864000000000000000e+03 1.751918274149834494e-04
1.866000000000000000e+03 1.709568986926878343e-04
1.868000000000000000e+03 1.668234358874041859e-04
1.870000000000000000e+03 1.627890324695374104e-04
1.872000000000000000e+03 1.588513383138518960e-04
1.874000000000000000e+03 1.550080583961278759e-04
1.876000000000000000e+03 1.512569515194103049e-04
1.878000000000000000e+03 1.475958290691959849e-04
1.880000000000000000e+03 1.440225537969151161e-04
1.882000000000000000e+03 1.405350386310748290e-04
1.884000000000000000e+03 1.371312455154563798e-04
1.886000000000000000e+03 1.338091842737560637e-04
1.888000000000000000e+03 1.305669115000840797e-04
1.890000000000000000e+03 1.274025294747458239e-04
1.892000000000000000e+03 1.243141851047394411e-04
1.894000000000000000e+03 1.213000688884192008e-04
1.896000000000000000e+03 1.183584139037837995e-04
1.898000000000000000e+03 1.154874948198637271e-04
1.900000000000000000e+03 1.126856269306874273e-04
1.902000000000000000e+03 1.099511652113261648e-04
1.904000000000000000e+03 1.072825033955175249e-04
1.906000000000000000e+03 1.046780730743888417e-04
1.908000000000000000e+03 1.021363428158040908e-04
1.910000000000000000e+03 9.965581730387558588e-05
1.912000000000000000e+03 9.723503649818212137e-05
1.914000000000000000e+03 9.487257481225754800e-05
1.916000000000000000e+03 9.256704031091241437e-05
1.918000000000000000e+03 9.031707392596616116e-05
1.920000000000000000e+03 8.812134868997524172e-05
1.922000000000000000e+03 8.597856898755642087e-05
1.924000000000000000e+03 8.388746982390203730e-05
1.926000000000000000e+03 8.184681611010415352e-05
1.928000000000000000e+03 7.985540196490880055e-05
1.930000000000000000e+03 7.791205003252788008e-05
1.932000000000000000e+03 7.601561081614693959e-05
1.934000000000000000e+03 7.416496202677526199e-05
1.936000000000000000e+03 7.235900794709009183e-05
1.938000000000000000e+03 7.059667880993703872e-05
1.940000000000000000e+03 6.887693019115551552e-05
1.942000000000000000e+03 6.719874241640267666e-05
1.944000000000000000e+03 6.556111998166305082e-05
1.946000000000000000e+03 6.396309098712841916e-05
1.948000000000000000e+03 6.240370658415048848e-05
1.950000000000000000e+03 6.088204043496520161e-05
1.952000000000000000e+03 5.939718818490217795e-05
1.954000000000000000e+03 5.794826694679314959e-05
1.956000000000000000e+03 5.653441479730494088e-05
1.958000000000000000e+03 5.515479028492363686e-05
1.960000000000000000e+03 5.380857194932712995e-05
1.962000000000000000e+03 5.249495785188416962e-05
1.964000000000000000e+03 5.121316511703064304e-05
1.966000000000000000e+03 4.996242948427129471e-05
1.968000000000000000e+03 4.874200487056743191e-05
1.970000000000000000e+03 4.755116294287312171e-05
1.972000000000000000e+03 4.638919270058747393e-05
1.974000000000000000e+03 4.525540006769972537e-05
1.976000000000000000e+03 4.414910749440140804e-05
1.978000000000000000e+03 4.306965356795317224e-05
1.980000000000000000e+03 4.201639263259329335e-05
1.982000000000000000e+03 4.098869441828075259e-05
1.984000000000000000e+03 3.998594367807169767e-05
1.986000000000000000e+03 3.900753983393141653e-05
1.988000000000000000e+03 3.805289663078854467e-05
1.990000000000000000e+03 3.712144179864282795e-05
1.992000000000000000e+03 3.621261672254192981e-05
1.994000000000000000e+03 3.532587612024705475e-05
1.996000000000000000e+03 3.446068772741039200e-05
1.998000000000000000e+03 3.361653199009315683e-05
2.000000000000000000e+03 3.279290176445437551e-05
2.002000000000000000e+03 3.198930202344680131e-05
2.004000000000000000e+03 3.120524957035826600e-05
2.006000000000000000e+03 3.044027275904202017e-05
2.008000000000000000e+03 2.969391122068050292e-05
2.010000000000000000e+03 2.896571559693413733e-05
2.012000000000000000e+03 2.825524727932740554e-05
2.014000000000000000e+03 2.756207815472781484e-05
2.016000000000000000e+03 2.688579035677896316e-05
2.018000000000000000e+03 2.622597602314906856e-05
2.020000000000000000e+03 2.558223705846151099e-05
2.022000000000000000e+03 2.495418490277640433e-05
2.024000000000000000e+03 2.434144030549444658e-05
2.026000000000000000e+03 2.374363310455926938e-05
2.028000000000000000e+03 2.316040201083395612e-05
2.030000000000000000e+03 2.259139439753373677e-05
2.032000000000000000e+03 2.203626609459734571e-05
2.034000000000000000e+03 2.149468118788290294e-05
2.036000000000000000e+03 2.096631182307665957e-05
2.038000000000000000e+03 2.045083801420588573e-05
2.040000000000000000e+03 1.994794745664852764e-05
2.042000000000000000e+03 1.945733534453642462e-05
2.044000000000000000e+03 1.897870419244961191e-05
2.046000000000000000e+03 1.851176366130229817e-05
2.048000000000000000e+03 1.805623038832378992e-05
2.050000000000000000e+03 1.761182782103863794e-05
2.052000000000000000e+03 1.717828605515388582e-05
2.054000000000000000e+03 1.675534167626221884e-05
2.056000000000000000e+03 1.634273760527247459e-05
2.058000000000000000e+03 1.594022294748124663e-05
2.060000000000000000e+03 1.554755284520035289e-05
2.062000000000000000e+03 1.516448833385799457e-05
2.064000000000000000e+03 1.479079620149270721e-05
2.066000000000000000e+03 1.442624885156065059e-05
2.068000000000000000e+03 1.407062416897988754e-05
2.070000000000000000e+03 1.372370538933578965e-05
2.072000000000000000e+03 1.338528097117381718e-05
2.074000000000000000e+03 1.305514447130812244e-05
2.076000000000000000e+03 1.273309442307537312e-05
2.078000000000000000e+03 1.241893421746485734e-05
2.080000000000000000e+03 1.211247198705894057e-05
2.082000000000000000e+03 1.181352049271631698e-05
2.084000000000000000e+03 1.152189701293592855e-05
2.086000000000000000e+03 1.123742323583771630e-05
2.088000000000000000e+03 1.095992515369962884e-05
2.090000000000000000e+03 1.068923295999081668e-05
2.092000000000000000e+03 1.042518094884301936e-05
2.094000000000000000e+03 1.016760741690268267e-05
2.096000000000000000e+03 9.916354567508423569e-06
2.098000000000000000e+03 9.671268417139258298e-06
2.100000000000000000e+03 9.432198704080450811e-06
2.102000000000000000e+03 9.198998799255109300e-06
2.104000000000000000e+03 8.971525619170646080e-06
2.106000000000000000e+03 8.749639540930656184e-06
2.108000000000000000e+03 8.533204319263722003e-06
2.110000000000000000e+03 8.322087005521788063e-06
2.112000000000000000e+03 8.116157868602152711e-06
2.114000000000000000e+03 7.915290317747433491e-06
2.116000000000000000e+03 7.719360827179934826e-06
2.118000000000000000e+03 7.528248862527031296e-06
2.120000000000000000e+03 7.341836808995593485e-06
2.122000000000000000e+03 7.160009901254180480e-06
2.124000000000000000e+03 6.982656154983257078e-06
2.126000000000000000e+03 6.809666300053618392e-06
2.128000000000000000e+03 6.640933715295337339e-06
2.130000000000000000e+03 6.476354364819167676e-06
2.132000000000000000e+03 6.315826735854612884e-06
2.134000000000000000e+03 6.159251778068119909e-06
2.136000000000000000e+03 6.006532844327222518e-06
2.138000000000000000e+03 5.857575632876128691e-06
2.140000000000000000e+03 5.712288130889658463e-06
2.142000000000000000e+03 5.570580559373075628e-06
2.144000000000000000e+03 5.432365319375954672e-06
2.146000000000000000e+03 5.297556939489080713e-06
2.148000000000000000e+03 5.166072024594277177e-06
2.150000000000000000e+03 5.037829205837339742e-06
2.152000000000000000e+03 4.912749091795391764e-06
2.154000000000000000e+03 4.790754220810291513e-06
2.156000000000000000e+03 4.671769014460707507e-06
2.158000000000000000e+03 4.555719732145778037e-06
2.160000000000000000e+03 4.442534426754200226e-06
2.162000000000000000e+03 4.332142901392994569e-06
2.164000000000000000e+03 4.224476667150937161e-06
2.166000000000000000e+03 4.119468901872117681e-06
2.168000000000000000e+03 4.017054409915798623e-06
2.170000000000000000e+03 3.917169582879095198e-06
2.172000000000000000e+03 3.819752361259807587e-06
2.174000000000000000e+03 3.724742197037001114e-06
2.176000000000000000e+03 3.632080017147740927e-06
2.178000000000000000e+03 3.541708187838537269e-06
2.180000000000000000e+03 3.453570479870962493e-06
2.182000000000000000e+03 3.367612034560989905e-06
2.184000000000000000e+03 3.283779330632509987e-06
2.186000000000000000e+03 3.202020151865421550e-06
2.188000000000000000e+03 3.122283555519639793e-06
2.190000000000000000e+03 3.044519841516528003e-06
2.192000000000000000e+03 2.968680522359746241e-06
2.194000000000000000e+03 2.894718293777985546e-06
2.196000000000000000e+03 2.822587006072400528e-06
2.198000000000000000e+03 2.752241636152015665e-06
2.200000000000000000e+03 2.683638260240701673e-06
2.202000000000000000e+03 2.616734027239811706e-06
2.204000000000000000e+03 2.551487132730821679e-06
2.206000000000000000e+03 2.487856793602760297e-06
2.208000000000000000e+03 2.425803223289576922e-06
2.210000000000000000e+03 2.365287607602894839e-06
2.212000000000000000e+03 2.306272081146003171e-06
2.214000000000000000e+03 2.248719704295163526e-06
2.216000000000000000e+03 2.192594440734839338e-06
2.218000000000000000e+03 2.137861135533522384e-06
2.220000000000000000e+03 2.084485493747315050e-06
2.222000000000000000e+03 2.032434059538714015e-06
2.224000000000000000e+03 1.981674195798245233e-06
2.226000000000000000e+03 1.932174064256990903e-06
2.228000000000000000e+03 1.883902606078277073e-06
2.230000000000000000e+03 1.836829522917084138e-06
2.232000000000000000e+03 1.790925258436020388e-06
2.234000000000000000e+03 1.746160980266908997e-06
2.236000000000000000e+03 1.702508562407452852e-06
2.238000000000000000e+03 1.659940568042420650e-06
2.240000000000000000e+03 1.618430232779333007e-06
2.242000000000000000e+03 1.577951448288693422e-06
2.244000000000000000e+03 1.538478746339064695e-06
2.246000000000000000e+03 1.499987283217598282e-06
2.248000000000000000e+03 1.462452824526745169e-06
2.250000000000000000e+03 1.425851730348172048e-06
2.252000000000000000e+03 1.390160940765072157e-06
2.254000000000000000e+03 1.355357961734318958e-06
2.256000000000000000e+03 1.321420851300043316e-06
2.258000000000000000e+03 1.288328206140480255e-06
2.260000000000000000e+03 1.256059148440106215e-06
2.262000000000000000e+03 1.224593313079235998e-06
2.264000000000000000e+03 1.193910835133500585e-06
2.266000000000000000e+03 1.163992337675758269e-06
2.268000000000000000e+03 1.134818919873192120e-06
2.270000000000000000e+03 1.106372145372504099e-06
2.272000000000000000e+03 1.078634030966296376e-06
2.274000000000000000e+03 1.051587035533893442e-06
2.276000000000000000e+03 1.025214049249998575e-06
2.278000000000000000e+03 9.994983830547853306e-07
2.280000000000000000e+03 9.744237583791083757e-07
2.282000000000000000e+03 9.499742971187192370e-07
2.284000000000000000e+03 9.261345118515240755e-07
2.286000000000000000e+03 9.028892962919910977e-07
2.288000000000000000e+03 8.802239159770405309e-07
2.290000000000000000e+03 8.581239991778751303e-07
2.292000000000000000e+03 8.365755280322509066e-07
2.294000000000000000e+03 8.155648298919237605e-07
2.296000000000000000e+03 7.950785688801060798e-07
2.298000000000000000e+03 7.751037376538432632e-07
2.300000000000000000e+03 7.556276493664017225e-07
2.302000000000000000e+03 7.366379298248433464e-07
2.304000000000000000e+03 7.181225098380835908e-07
2.306000000000000000e+03 7.000696177508470440e-07
2.308000000000000000e+03 6.824677721590364846e-07
2.310000000000000000e+03 6.653057748021469667e-07
2.312000000000000000e+03 6.485727036284556732e-07
2.314000000000000000e+03 6.322579060288191835e-07
2.316000000000000000e+03 6.163509922350131380e-07
2.318000000000000000e+03 6.008418288786392795e-07
2.320000000000000000e+03 5.857205327067399430e-07
2.322000000000000000e+03 5.709774644503180854e-07
2.324000000000000000e+03 5.566032228420873692e-07
2.326000000000000000e+03 5.425886387798392787e-07
2.328000000000000000e+03 5.289247696319166374e-07
2.330000000000000000e+03 5.156028936813554174e-07
2.332000000000000000e+03 5.026145047053520277e-07
2.334000000000000000e+03 4.899513066867755206e-07
2.336000000000000000e+03 4.776052086545365914e-07
2.338000000000000000e+03 4.655683196497113244e-07
2.340000000000000000e+03 4.538329438143449034e-07
2.342000000000000000e+03 4.423915756000164630e-07
2.344000000000000000e+03 4.312368950932215892e-07
2.346000000000000000e+03 4.203617634547700600e-07
2.348000000000000000e+03 4.097592184704386645e-07
2.350000000000000000e+03 3.994224702101755284e-07
2.352000000000000000e+03 3.893448967932391453e-07
2.354000000000000000e+03 3.795200402566970264e-07
2.356000000000000000e+03 3.699416025247878688e-07
2.358000000000000000e+03 3.606034414766963004e-07
2.360000000000000000e+03 3.514995671103609899e-07
2.362000000000000000e+03 3.426241377999874192e-07
2.364000000000000000e+03 3.339714566449920905e-07
2.366000000000000000e+03 3.255359679081603209e-07
2.368000000000000000e+03 3.173122535408555184e-07
2.370000000000000000e+03 3.092950297931718862e-07
2.372000000000000000e+03 3.014791439069608841e-07
2.374000000000000000e+03 2.938595708897272600e-07
2.376000000000000000e+03 2.864314103674307535e-07
2.378000000000000000e+03 2.791898835142746772e-07
2.380000000000000000e+03 2.721303300576160495e-07
2.382000000000000000e+03 2.652482053561680069e-07
2.384000000000000000e+03 2.585390775497203308e-07
2.386000000000000000e+03 2.519986247786342606e-07
2.388000000000000000e+03 2.456226324714189565e-07
2.390000000000000000e+03 2.394069906987368386e-07
2.392000000000000000e+03 2.333476915922126376e-07
2.394000000000000000e+03 2.274408268264911367e-07
2.396000000000000000e+03 2.216825851629814117e-07
2.398000000000000000e+03 2.160692500538006023e-07
2.400000000000000000e+03 2.105971973044520860e-07
2.402000000000000000e+03 2.052628927938035258e-07
2.404000000000000000e+03 2.000628902499768473e-07
2.406000000000000000e+03 1.949938290807796733e-07
2.408000000000000000e+03 1.900524322573610800e-07
2.410000000000000000e+03 1.852355042497865544e-07
2.412000000000000000e+03 1.805399290132716641e-07
2.414000000000000000e+03 1.759626680238411043e-07
2.416000000000000000e+03 1.715007583622040108e-07
2.418000000000000000e+03 1.671513108446763943e-07
2.420000000000000000e+03 1.629115081999976991e-07
2.422000000000000000e+03 1.587786032909298615e-07
2.424000000000000000e+03 1.547499173795372485e-07
2.426000000000000000e+03 1.508228384350913323e-07
2.428000000000000000e+03 1.469948194835545980e-07
2.430000000000000000e+03 1.432633769976303673e-07
2.432000000000000000e+03 1.396260893263895226e-07
2.434000000000000000e+03 1.360805951635068720e-07
2.436000000000000000e+03 1.326245920531645130e-07
2.438000000000000000e+03 1.292558349327040924e-07
2.440000000000000000e+03 1.259721347111283052e-07
2.442000000000000000e+03 1.227713568825774431e-07
2.444000000000000000e+03 1.196514201739228951e-07
2.446000000000000000e+03 1.166102952256520600e-07
2.448000000000000000e+03 1.136460033052215413e-07
2.450000000000000000e+03 1.107566150520893996e-07
2.452000000000000000e+03 1.079402492536528725e-07
2.454000000000000000e+03 1.051950716513335314e-07
2.456000000000000000e+03 1.025192937760730372e-07
2.458000000000000000e+03 9.991117181252095909e-08
2.460000000000000000e+03 9.736900549121073285e-08
2.462000000000000000e+03 9.489113700804148577e-08
2.464000000000000000e+03 9.247594997039384696e-08
2.466000000000000000e+03 9.012186836923129890e-08
2.468000000000000000e+03 8.782735557654760033e-08
2.470000000000000000e+03 8.559091336754225079e-08
2.472000000000000000e+03 8.341108096691570796e-08
2.474000000000000000e+03 8.128643411869569648e-08
2.476000000000000000e+03 7.921558417901627004e-08
2.478000000000000000e+03 7.719717723128829517e-08
2.480000000000000000e+03 7.522989322321118267e-08
2.482000000000000000e+03 7.331244512509211647e-08
2.484000000000000000e+03 7.144357810894821541e-08
2.486000000000000000e+03 6.962206874788372548e-08
2.488000000000000000e+03 6.784672423524347268e-08
2.490000000000000000e+03 6.611638162305858977e-08
2.492000000000000000e+03 6.442990707930971519e-08
2.494000000000000000e+03 6.278619516354711644e-08
2.496000000000000000e+03 6.118416812041656068e-08
2.498000000000000000e+03 5.962277519064965465e-08
2.500000000000000000e+03 5.810099193909463462e-08
2.502000000000000000e+03 5.661781959936246863e-08
2.504000000000000000e+03 5.517228443468526198e-08
2.506000000000000000e+03 5.376343711458616057e-08
2.508000000000000000e+03 5.239035210697272495e-08
2.510000000000000000e+03 5.105212708527517788e-08
2.512000000000000000e+03 4.974788235025892861e-08
2.514000000000000000e+03 4.847676026615086202e-08
2.516000000000000000e+03 4.723792471072764914e-08
2.518000000000000000e+03 4.603056053902187903e-08
2.520000000000000000e+03 4.485387306031227464e-08
2.522000000000000000e+03 4.370708752806971431e-08
2.524000000000000000e+03 4.258944864254149438e-08
2.526000000000000000e+03 4.150022006566147628e-08
2.528000000000000000e+03 4.043868394798432298e-08
2.530000000000000000e+03 3.940414046734564916e-08
2.532000000000000000e+03 3.839590737896162935e-08
2.534000000000000000e+03 3.741331957668449322e-08
2.536000000000000000e+03 3.645572866513966113e-08
2.538000000000000000e+03 3.552250254247707615e-08
2.540000000000000000e+03 3.461302499347384111e-08
2.542000000000000000e+03 3.372669529273449416e-08
2.544000000000000000e+03 3.286292781773852561e-08
2.546000000000000000e+03 3.202115167149378416e-08
2.548000000000000000e+03 3.120081031455773028e-08
2.550000000000000000e+03 3.040136120619535586e-08
2.552000000000000000e+03 2.962227545445069304e-08
2.554000000000000000e+03 2.886303747490847087e-08
2.556000000000000000e+03 2.812314465793394624e-08
2.558000000000000000e+03 2.740210704418090153e-08
2.560000000000000000e+03 2.669944700816387554e-08
2.562000000000000000e+03 2.601469894969495647e-08
2.564000000000000000e+03 2.534740899299199675e-08
2.566000000000000000e+03 2.469713469326722725e-08
2.568000000000000000e+03 2.406344475061352033e-08
2.570000000000000000e+03 2.344591873100579244e-08
2.572000000000000000e+03 2.284414679424349436e-08
2.574000000000000000e+03 2.225772942866176153e-08
2.576000000000000000e+03 2.168627719244380647e-08
2.578000000000000000e+03 2.112941046137220094e-08
2.580000000000000000e+03 2.058675918285857140e-08
2.582000000000000000e+03 2.005796263609772320e-08
2.584000000000000000e+03 1.954266919819365803e-08
2.586000000000000000e+03 1.904053611611032604e-08
2.588000000000000000e+03 1.855122928430290499e-08
2.590000000000000000e+03 1.807442302788876105e-08
2.592000000000000000e+03 1.760979989122122242e-08
2.594000000000000000e+03 1.715705043173234788e-08
2.596000000000000000e+03 1.671587301891411814e-08
2.598000000000000000e+03 1.628597363831107446e-08
2.600000000000000000e+03 1.586706570039984108e-08
2.602000000000000000e+03 1.545886985423451493e-08
2.604000000000000000e+03 1.506111380574091292e-08
2.606000000000000000e+03 1.467353214054246537e-08
2.608000000000000000e+03 1.429586615120719792e-08
2.610000000000000000e+03 1.392786366880534350e-08
2.612000000000000000e+03 1.356927889867100548e-08
2.614000000000000000e+03 1.321987226026338910e-08
2.616000000000000000e+03 1.287941023102617243e-08
2.618000000000000000e+03 1.254766519414560282e-08
2.620000000000000000e+03 1.222441529011083328e-08
2.622000000000000000e+03 1.190944427198181636e-08
2.624000000000000000e+03 1.160254136427312218e-08
2.626000000000000000e+03 1.130350112536366339e-08
2.628000000000000000e+03 1.101212331334477499e-08
2.630000000000000000e+03 1.072821275522140325e-08
2.632000000000000000e+03 1.045157921938315761e-08
2.634000000000000000e+03 1.018203729126372709e-08
2.636000000000000000e+03 9.919406252109800892e-09
2.638000000000000000e+03 9.663509960781984794e-09
2.640000000000000000e+03 9.414176738512459813e-09
2.642000000000000000e+03 9.171239256545833425e-09
2.644000000000000000e+03 8.934534426591650516e-09
2.646000000000000000e+03 8.703903294018367807e-09
2.648000000000000000e+03 8.479190933720956351e-09
2.650000000000000000e+03 8.260246348595380279e-09
2.652000000000000000e+03 8.046922370555266257e-09
2.654000000000000000e+03 7.839075564027151823e-09
2.656000000000000000e+03 7.636566131863440383e-09
2.658000000000000000e+03 7.439257823611882098e-09
2.660000000000000000e+03 7.247017846083576284e-09
2.662000000000000000e+03 7.059716776162120419e-09
2.664000000000000000e+03 6.877228475797983381e-09
2.666000000000000000e+03 6.699430009133844020e-09
2.668000000000000000e+03 6.526201561707694093e-09
2.670000000000000000e+03 6.357426361681948065e-09
2.672000000000000000e+03 6.192990603048142275e-09
2.674000000000000000e+03 6.032783370757964046e-09
2.676000000000000000e+03 5.876696567732531684e-09
2.678000000000000000e+03 5.724624843703196281e-09
2.680000000000000000e+03 5.576465525838117282e-09
2.682000000000000000e+03 5.432118551110138428e-09
2.684000000000000000e+03 5.291486400362493276e-09
2.686000000000000000e+03 5.154474034029993596e-09
2.688000000000000000e+03 5.020988829474390421e-09
2.690000000000000000e+03 4.890940519893706782e-09
2.692000000000000000e+03 4.764241134766027694e-09
2.694000000000000000e+03 4.640804941789787260e-09
2.696000000000000000e+03 4.520548390282875639e-09
2.698000000000000000e+03 4.403390056004319653e-09
2.700000000000000000e+03 4.289250587362930208e-09
2.702000000000000000e+03 4.178052652978318884e-09
2.704000000000000000e+03 4.069720890560471856e-09
2.706000000000000000e+03 3.964181857074908065e-09
2.708000000000000000e+03 3.861363980161287335e-09
2.710000000000000000e+03 3.761197510774346592e-09
2.712000000000000000e+03 3.663614477016188334e-09
2.714000000000000000e+03 3.568548639130574640e-09
2.716000000000000000e+03 3.475935445629809289e-09
2.718000000000000000e+03 3.385711990526183504e-09
2.720000000000000000e+03 3.297816971640104393e-09
2.722000000000000000e+03 3.212190649958128169e-09
2.724000000000000000e+03 3.128774810014537146e-09
2.726000000000000000e+03 3.047512721270918833e-09
2.728000000000000000e+03 2.968349100468653356e-09
2.730000000000000000e+03 2.891230074930102593e-09
2.732000000000000000e+03 2.816103146784573593e-09
2.734000000000000000e+03 2.742917158096083802e-09
2.736000000000000000e+03 2.671622256870132258e-09
2.738000000000000000e+03 2.602169863917659024e-09
2.740000000000000000e+03 2.534512640554555885e-09
2.742000000000000000e+03 2.468604457115869307e-09
2.744000000000000000e+03 2.404400362264278343e-09
2.746000000000000000e+03 2.341856553072889694e-09
2.748000000000000000e+03 2.280930345862956678e-09
2.750000000000000000e+03 2.221580147777627642e-09
2.752000000000000000e+03 2.163765429073202415e-09
2.754000000000000000e+03 2.107446696109936648e-09
2.756000000000000000e+03 2.052585465024828864e-09
2.758000000000000000e+03 1.999144236069301476e-09
2.760000000000000000e+03 1.947086468595012157e-09
2.762000000000000000e+03 1.896376556671666752e-09
2.764000000000000000e+03 1.846979805320824922e-09
2.766000000000000000e+03 1.798862407350276744e-09
2.768000000000000000e+03 1.751991420773979234e-09
2.770000000000000000e+03 1.706334746802737144e-09
2.772000000000000000e+03 1.661861108391351950e-09
2.774000000000000000e+03 1.618540029328247044e-09
2.776000000000000000e+03 1.576341813853936998e-09
2.778000000000000000e+03 1.535237526795036111e-09
2.780000000000000000e+03 1.495198974200861689e-09
2.782000000000000000e+03 1.456198684469989018e-09
2.784000000000000000e+03 1.418209889954431998e-09
2.786000000000000000e+03 1.381206509029461330e-09
2.788000000000000000e+03 1.345163128617302694e-09
2.790000000000000000e+03 1.310054987153347814e-09
2.792000000000000000e+03 1.275857957983707953e-09
2.794000000000000000e+03 1.242548533183260329e-09
2.796000000000000000e+03 1.210103807783609670e-09
2.798000000000000000e+03 1.178501464400660524e-09
2.800000000000000000e+03 1.147719758251694848e-09
2.802000000000000000e+03 1.117737502552192718e-09
2.804000000000000000e+03 1.088534054282804769e-09
2.806000000000000000e+03 1.060089300317155720e-09
2.808000000000000000e+03 1.032383643901401483e-09
2.810000000000000000e+03 1.005397991476653467e-09
2.812000000000000000e+03 9.791137398356307916e-10
2.814000000000000000e+03 9.535127636051726488e-10
2.816000000000000000e+03 9.285774030462848334e-10
2.818000000000000000e+03 9.042904521638199297e-10
2.820000000000000000e+03 8.806351471179191900e-10
2.822000000000000000e+03 8.575951549296344772e-10
2.824000000000000000e+03 8.351545624732887482e-10
2.826000000000000000e+03 8.132978657483593739e-10
2.828000000000000000e+03 7.920099594238137636e-10
2.830000000000000000e+03 7.712761266480346929e-10
2.832000000000000000e+03 7.510820291176129412e-10
2.834000000000000000e+03 7.314136973984917455e-10
2.836000000000000000e+03 7.122575214930728908e-10
2.838000000000000000e+03 6.936002416470924763e-10
2.840000000000000000e+03 6.754289393901791326e-10
2.842000000000000000e+03 6.577310288042256384e-10
2.844000000000000000e+03 6.404942480137898758e-10
2.846000000000000000e+03 6.237066508929306943e-10
2.848000000000000000e+03 6.073565989830026451e-10
2.850000000000000000e+03 5.914327536160632076e-10
2.852000000000000000e+03 5.759240682387260399e-10
2.854000000000000000e+03 5.608197809313552066e-10
2.856000000000000000e+03 5.461094071176790714e-10
2.858000000000000000e+03 5.317827324600059419e-10
2.860000000000000000e+03 5.178298059353430798e-10
2.862000000000000000e+03 5.042409330878389788e-10
2.864000000000000000e+03 4.910066694530729317e-10
2.866000000000000000e+03 4.781178141498962332e-10
2.868000000000000000e+03 4.655654036354991254e-10
2.870000000000000000e+03 4.533407056196428015e-10
2.872000000000000000e+03 4.414352131339836384e-10
2.874000000000000000e+03 4.298406387525844879e-10
2.876000000000000000e+03 4.185489089597656008e-10
2.878000000000000000e+03 4.075521586615727169e-10
2.880000000000000000e+03 3.968427258372196764e-10
2.882000000000000000e+03 3.864131463269565854e-10
2.884000000000000000e+03 3.762561487529047833e-10
2.886000000000000000e+03 3.663646495694915217e-10
2.888000000000000000e+03 3.567317482401912453e-10
2.890000000000000000e+03 3.473507225373752850e-10
2.892000000000000000e+03 3.382150239621468900e-10
2.894000000000000000e+03 3.293182732811099752e-10
2.896000000000000000e+03 3.206542561771169987e-10
2.898000000000000000e+03 3.122169190110924087e-10
2.900000000000000000e+03 3.040003646921172313e-10
2.902000000000000000e+03 2.959988486530246294e-10
2.904000000000000000e+03 2.882067749288286420e-10
2.906000000000000000e+03 2.806186923353749030e-10
2.908000000000000000e+03 2.732292907456630877e-10
2.910000000000000000e+03 2.660333974613677682e-10
2.912000000000000000e+03 2.590259736771324321e-10
2.914000000000000000e+03 2.522021110352796693e-10
2.916000000000000000e+03 2.455570282686463878e-10
2.918000000000000000e+03 2.390860679292873055e-10
2.920000000000000000e+03 2.327846932008923772e-10
2.922000000000000000e+03 2.266484847927536829e-10
2.924000000000000000e+03 2.206731379132371946e-10
2.926000000000000000e+03 2.148544593207222562e-10
2.928000000000000000e+03 2.091883644500402164e-10
2.930000000000000000e+03 2.036708746124944989e-10
2.932000000000000000e+03 1.982981142675862200e-10
2.934000000000000000e+03 1.930663083646214208e-10
2.936000000000000000e+03 1.879717797524202332e-10
2.938000000000000000e+03 1.830109466553963828e-10
2.940000000000000000e+03 1.781803202143128317e-10
2.942000000000000000e+03 1.734765020900696178e-10
2.944000000000000000e+03 1.688961821289166018e-10
2.946000000000000000e+03 1.644361360875275432e-10
2.948000000000000000e+03 1.600932234164075211e-10
2.950000000000000000e+03 1.558643851001507214e-10
2.952000000000000000e+03 1.517466415530947680e-10
2.954000000000000000e+03 1.477370905689646415e-10
2.956000000000000000e+03 1.438329053231244570e-10
2.958000000000000000e+03 1.400313324260989056e-10
2.960000000000000000e+03 1.363296900270556800e-10
2.962000000000000000e+03 1.327253659659733217e-10
2.964000000000000000e+03 1.292158159732533047e-10
2.966000000000000000e+03 1.257985619155657246e-10
2.968000000000000000e+03 1.224711900867489836e-10
2.970000000000000000e+03 1.192313495426081042e-10
2.972000000000000000e+03 1.160767504785033817e-10
2.974000000000000000e+03 1.130051626486211968e-10
2.976000000000000000e+03 1.100144138258736523e-10
2.978000000000000000e+03 1.071023883013835979e-10
2.980000000000000000e+03 1.042670254225474580e-10
2.982000000000000000e+03 1.015063181686866459e-10
2.984000000000000000e+03 9.881831176332888852e-11
2.986000000000000000e+03 9.620110232218276848e-11
2.988000000000000000e+03 9.365283553589300140e-11
2.990000000000000000e+03 9.117170538668766788e-11
2.992000000000000000e+03 8.875595289804900297e-11
2.994000000000000000e+03 8.640386491656471681e-11
2.996000000000000000e+03 8.411377292513687923e-11
2.998000000000000000e+03 8.188405188674415495e-11
3.000000000000000000e+03 7.971311911797728044e-11
3.002000000000000000e+03 7.759943319158576825e-11
3.004000000000000000e+03 7.554149286729106594e-11
3.006000000000000000e+03 7.353783605014569541e-11
3.008000000000000000e+03 7.158703877573099095e-11
3.010000000000000000e+03 6.968771422150566128e-11
3.012000000000000000e+03 6.783851174363730461e-11
3.014000000000000000e+03 6.603811593866240909e-11
3.016000000000000000e+03 6.428524572933886574e-11
3.018000000000000000e+03 6.257865347407231464e-11
3.020000000000000000e+03 6.091712409931005259e-11
3.022000000000000000e+03 5.929947425431463546e-11
3.024000000000000000e+03 5.772455148774592275e-11
3.026000000000000000e+03 5.619123344548633535e-11
3.028000000000000000e+03 5.469842708917099970e-11
3.030000000000000000e+03 5.324506793488723073e-11
3.032000000000000000e+03 5.183011931152790374e-11
3.034000000000000000e+03 5.045257163829376007e-11
3.036000000000000000e+03 4.911144172085390257e-11
3.038000000000000000e+03 4.780577206568391446e-11
3.040000000000000000e+03 4.653463021211710112e-11
3.042000000000000000e+03 4.529710808165249015e-11
3.044000000000000000e+03 4.409232134407680889e-11
3.046000000000000000e+03 4.291940879996912946e-11
3.048000000000000000e+03 4.177753177916623512e-11
3.050000000000000000e+03 4.066587355477989336e-11
3.052000000000000000e+03 3.958363877236522785e-11
3.054000000000000000e+03 3.853005289385184100e-11
3.056000000000000000e+03 3.750436165585720987e-11
3.058000000000000000e+03 3.650583054201341980e-11
3.060000000000000000e+03 3.553374426894626864e-11
3.062000000000000000e+03 3.458740628555604904e-11
3.064000000000000000e+03 3.366613828525778881e-11
3.066000000000000000e+03 3.276927973084727890e-11
3.068000000000000000e+03 3.189618739166828521e-11
3.070000000000000000e+03 3.104623489276454766e-11
3.072000000000000000e+03 3.021881227570736247e-11
3.074000000000000000e+03 2.941332557079935360e-11
3.076000000000000000e+03 2.862919638035972764e-11
3.078000000000000000e+03 2.786586147280847162e-11
3.080000000000000000e+03 2.712277238726802968e-11
3.082000000000000000e+03 2.639939504841414487e-11
3.084000000000000000e+03 2.569520939131035738e-11
3.086000000000000000e+03 2.500970899596967505e-11
3.088000000000000000e+03 2.434240073139232472e-11
3.090000000000000000e+03 2.369280440883531756e-11
3.092000000000000000e+03 2.306045244407609127e-11
3.094000000000000000e+03 2.244488952843819866e-11
3.096000000000000000e+03 2.184567230835296703e-11
3.098000000000000000e+03 2.126236907323698193e-11
