2.000000000000000000e+00 -6.697560999246632285e-01
4.000000000000000000e+00 -2.677363471858075439e+00
6.000000000000000000e+00 -6.017843965175151411e+00
8.000000000000000000e+00 -1.068291608814310045e+01
1.000000000000000000e+01 -1.666101808742143930e+01
1.200000000000000000e+01 -2.393734014073374183e+01
1.400000000000000000e+01 -3.249386554477633382e+01
1.600000000000000000e+01 -4.230942074772084283e+01
1.800000000000000000e+01 -5.335973404368870376e+01
2.000000000000000000e+01 -6.561750271548407909e+01
2.200000000000000000e+01 -7.905246838180654834e+01
2.400000000000000000e+01 -9.363150027627953875e+01
2.600000000000000000e+01 -1.093186861580445850e+02
2.800000000000000000e+01 -1.260754305275200835e+02
3.000000000000000000e+01 -1.438605597963228604e+02
3.200000000000000000e+01 -1.626304340373979755e+02
3.400000000000000000e+01 -1.823390649202094949e+02
3.600000000000000000e+01 -2.029382394164883010e+02
3.800000000000000000e+01 -2.243776488445856216e+02
4.000000000000000000e+01 -2.466050228050144426e+02
4.200000000000000000e+01 -2.695662675463303799e+02
4.400000000000000000e+01 -2.932056082891277242e+02
4.600000000000000000e+01 -3.174657350266605249e+02
4.800000000000000000e+01 -3.422879513134532203e+02
5.000000000000000000e+01 -3.676123255482125387e+02
5.200000000000000000e+01 -3.933778442544511904e+02
5.400000000000000000e+01 -4.195225668613886683e+02
5.600000000000000000e+01 -4.459837814889461356e+02
5.800000000000000000e+01 -4.726981612438988236e+02
6.000000000000000000e+01 -4.996019205394949267e+02
6.200000000000000000e+01 -5.266309709579988976e+02
6.400000000000000000e+01 -5.537210761846013156e+02
6.600000000000000000e+01 -5.808080055519075131e+02
6.800000000000000000e+01 -6.078276857466544243e+02
7.000000000000000000e+01 -6.347163502443355583e+02
7.200000000000000000e+01 -6.614106860529279857e+02
7.400000000000000000e+01 -6.878479773638305232e+02
7.600000000000000000e+01 -7.139662457262857060e+02
7.800000000000000000e+01 -7.397043863809089999e+02
8.000000000000000000e+01 -7.650023004083279830e+02
8.200000000000000000e+01 -7.898010223702405028e+02
8.400000000000000000e+01 -8.140428431423152915e+02
8.600000000000000000e+01 -8.376714276611633068e+02
8.800000000000000000e+01 -8.606319273309420623e+02
9.000000000000000000e+01 -8.828710868589648726e+02
9.200000000000000000e+01 -9.043373453137947990e+02
9.400000000000000000e+01 -9.249809312236145615e+02
9.600000000000000000e+01 -9.447539515570656476e+02
9.800000000000000000e+01 -9.636104744531070310e+02
1.000000000000000000e+02 -9.815066055906868314e+02
1.020000000000000000e+02 -9.984005581130281826e+02
1.040000000000000000e+02 -1.014252716044947761e+03
1.060000000000000000e+02 -1.029025691164874388e+03
1.080000000000000000e+02 -1.042684373315928724e+03
1.100000000000000000e+02 -1.055195974162492348e+03
1.120000000000000000e+02 -1.066530064420129975e+03
1.140000000000000000e+02 -1.076658604607335747e+03
1.160000000000000000e+02 -1.085555969387463165e+03
1.180000000000000000e+02 -1.093198965588095916e+03
1.200000000000000000e+02 -1.099566844003164078e+03
1.220000000000000000e+02 -1.104641305100170484e+03
1.240000000000000000e+02 -1.108406498770903909e+03
1.260000000000000000e+02 -1.110849018279040592e+03
1.280000000000000000e+02 -1.111957888571917920e+03
1.300000000000000000e+02 -1.111724549136649330e+03
1.320000000000000000e+02 -1.110142831592440189e+03
1.340000000000000000e+02 -1.107208932221611121e+03
1.360000000000000000e+02 -1.102921379651360212e+03
1.380000000000000000e+02 -1.097280997906653738e+03
1.400000000000000000e+02 -1.090290865062027706e+03
1.420000000000000000e+02 -1.081956267726220176e+03
1.440000000000000000e+02 -1.072284651598783512e+03
1.460000000000000000e+02 -1.061285568341900216e+03
1.480000000000000000e+02 -1.048970619013768555e+03
1.500000000000000000e+02 -1.035353394311978036e+03
1.520000000000000000e+02 -1.020449411876544445e+03
1.540000000000000000e+02 -1.004276050902428437e+03
1.560000000000000000e+02 -9.868524843107855986e+02
1.580000000000000000e+02 -9.681996087267124267e+02
1.600000000000000000e+02 -9.483399725089717549e+02
1.620000000000000000e+02 -9.272977020741819842e+02
1.640000000000000000e+02 -9.050984267542135058e+02
1.660000000000000000e+02 -8.817692024211742137e+02
1.680000000000000000e+02 -8.573384341093532157e+02
1.700000000000000000e+02 -8.318357978579441578e+02
1.720000000000000000e+02 -8.052921619922940408e+02
1.740000000000000000e+02 -7.777395080548747046e+02
1.760000000000000000e+02 -7.492108515902094723e+02
1.780000000000000000e+02 -7.197401629806497567e+02
1.800000000000000000e+02 -6.893622885222097239e+02
1.820000000000000000e+02 -6.581128719217317666e+02
1.840000000000000000e+02 -6.260282763884283668e+02
1.860000000000000000e+02 -5.931455074844683395e+02
1.880000000000000000e+02 -5.595021368907147234e+02
1.900000000000000000e+02 -5.251362272350302192e+02
1.920000000000000000e+02 -4.900862581218276546e+02
1.940000000000000000e+02 -4.543910534927312028e+02
1.960000000000000000e+02 -4.180897104393932295e+02
1.980000000000000000e+02 -3.812215295807422422e+02
2.000000000000000000e+02 -3.438259471081739207e+02
2.020000000000000000e+02 -3.059424685935424009e+02
2.040000000000000000e+02 -2.676106046462836616e+02
2.060000000000000000e+02 -2.288698084975427491e+02
2.080000000000000000e+02 -1.897594155809498204e+02
2.100000000000000000e+02 -1.503185851715802528e+02
2.120000000000000000e+02 -1.105862441367483200e+02
2.140000000000000000e+02 -7.060103284461308704e+01
2.160000000000000000e+02 -3.040125326910740000e+01
2.180000000000000000e+02 9.975180677505736782e+00
2.200000000000000000e+02 5.049079056008185518e+01
2.220000000000000000e+02 9.110857856642927288e+01
2.240000000000000000e+02 1.317920703722514020e+02
2.260000000000000000e+02 1.725053557201584908e+02
2.280000000000000000e+02 2.132131267134933239e+02
2.300000000000000000e+02 2.538807138313292171e+02
2.320000000000000000e+02 2.944741196762685718e+02
2.340000000000000000e+02 3.349600504716716500e+02
2.360000000000000000e+02 3.753059453296140759e+02
2.380000000000000000e+02 4.154800033153074992e+02
2.400000000000000000e+02 4.554512083378287457e+02
2.420000000000000000e+02 4.951893519008054341e+02
2.440000000000000000e+02 5.346650537502752059e+02
2.460000000000000000e+02 5.738497804602124006e+02
2.480000000000000000e+02 6.127158619991653268e+02
2.500000000000000000e+02 6.512365063242215228e+02
2.520000000000000000e+02 6.893858120509322589e+02
2.540000000000000000e+02 7.271387792501011518e+02
2.560000000000000000e+02 7.644713184242270927e+02
2.580000000000000000e+02 8.013602577181688957e+02
2.600000000000000000e+02 8.377833484200881458e+02
2.620000000000000000e+02 8.737192688099765974e+02
2.640000000000000000e+02 9.091476264141260799e+02
2.660000000000000000e+02 9.440489587247986947e+02
2.680000000000000000e+02 9.784047324449716143e+02
2.700000000000000000e+02 1.012197341318487020e+03
2.720000000000000000e+02 1.045410102606304008e+03
2.740000000000000000e+02 1.078027252269606606e+03
2.760000000000000000e+02 1.110033938920510309e+03
2.780000000000000000e+02 1.141416216600972803e+03
2.800000000000000000e+02 1.172161036450106621e+03
2.820000000000000000e+02 1.202256237319756110e+03
2.840000000000000000e+02 1.231690535397506665e+03
2.860000000000000000e+02 1.260453512895711810e+03
2.880000000000000000e+02 1.288535605864263061e+03
2.900000000000000000e+02 1.315928091183969855e+03
2.920000000000000000e+02 1.342623072796443466e+03
2.940000000000000000e+02 1.368613467225289696e+03
2.960000000000000000e+02 1.393892988442333262e+03
2.980000000000000000e+02 1.418456132131347204e+03
3.000000000000000000e+02 1.442298159400539816e+03
3.020000000000000000e+02 1.465415079993743802e+03
3.040000000000000000e+02 1.487803635048856449e+03
3.060000000000000000e+02 1.509461279450752500e+03
3.080000000000000000e+02 1.530386163824410232e+03
3.100000000000000000e+02 1.550577116212547708e+03
3.120000000000000000e+02 1.570033623480620463e+03
3.140000000000000000e+02 1.588755812490492872e+03
3.160000000000000000e+02 1.606744431082624033e+03
3.180000000000000000e+02 1.624000828905062917e+03
3.200000000000000000e+02 1.640526938126080267e+03
3.220000000000000000e+02 1.656325254065670833e+03
3.240000000000000000e+02 1.671398815779715051e+03
3.260000000000000000e+02 1.685751186629064932e+03
3.280000000000000000e+02 1.699386434864287821e+03
3.300000000000000000e+02 1.712309114255371014e+03
3.320000000000000000e+02 1.724524244794196193e+03
3.340000000000000000e+02 1.736037293496160828e+03
3.360000000000000000e+02 1.746854155325893316e+03
3.380000000000000000e+02 1.756981134270605708e+03
3.400000000000000000e+02 1.766424924583270240e+03
3.420000000000000000e+02 1.775192592216451203e+03
3.440000000000000000e+02 1.783291556466282373e+03
3.460000000000000000e+02 1.790729571844854263e+03
3.480000000000000000e+02 1.797514710197949398e+03
3.500000000000000000e+02 1.803655343083889193e+03
3.520000000000000000e+02 1.809160124428052086e+03
3.540000000000000000e+02 1.814037973466461835e+03
3.560000000000000000e+02 1.818298057990746884e+03
3.580000000000000000e+02 1.821949777905638712e+03
3.600000000000000000e+02 1.825002749109203705e+03
3.620000000000000000e+02 1.827466787704908256e+03
3.640000000000000000e+02 1.829351894553715510e+03
3.660000000000000000e+02 1.830668240173388085e+03
3.680000000000000000e+02 1.831426149991370039e+03
3.700000000000000000e+02 1.831636089956650267e+03
3.720000000000000000e+02 1.831308652515239373e+03
3.740000000000000000e+02 1.830454542953076498e+03
3.760000000000000000e+02 1.829084566109424259e+03
3.780000000000000000e+02 1.827209613463061487e+03
3.800000000000000000e+02 1.824840650592928569e+03
3.820000000000000000e+02 1.821988705014172410e+03
3.840000000000000000e+02 1.818664854389948687e+03
3.860000000000000000e+02 1.814880215118733759e+03
3.880000000000000000e+02 1.810645931296321123e+03
3.900000000000000000e+02 1.805973164051142930e+03
3.920000000000000000e+02 1.800873081251111671e+03
3.940000000000000000e+02 1.795356847579604846e+03
3.960000000000000000e+02 1.789435614977858677e+03
3.980000000000000000e+02 1.783120513450583985e+03
4.000000000000000000e+02 1.776422642231236523e+03
4.020000000000000000e+02 1.769353061302984997e+03
4.040000000000000000e+02 1.761922783271156050e+03
4.060000000000000000e+02 1.754142765582514130e+03
4.080000000000000000e+02 1.746023903086560267e+03
4.100000000000000000e+02 1.737577020933696531e+03
4.120000000000000000e+02 1.728812867804855614e+03
4.140000000000000000e+02 1.719742109467049659e+03
4.160000000000000000e+02 1.710375322648993688e+03
4.180000000000000000e+02 1.700722989230861913e+03
4.200000000000000000e+02 1.690795490742003039e+03
4.220000000000000000e+02 1.680603103160371120e+03
4.240000000000000000e+02 1.670155992007232953e+03
4.260000000000000000e+02 1.659464207730656881e+03
4.280000000000000000e+02 1.648537681371155259e+03
4.300000000000000000e+02 1.637386220502818787e+03
4.320000000000000000e+02 1.626019505443172193e+03
4.340000000000000000e+02 1.614447085724949602e+03
4.360000000000000000e+02 1.602678376822992959e+03
4.380000000000000000e+02 1.590722657129349955e+03
4.400000000000000000e+02 1.578589065169767082e+03
4.420000000000000000e+02 1.566286597054665435e+03
4.440000000000000000e+02 1.553824104157743932e+03
4.460000000000000000e+02 1.541210291015383291e+03
4.480000000000000000e+02 1.528453713440018191e+03
4.500000000000000000e+02 1.515562776840718243e+03
4.520000000000000000e+02 1.502545734744225911e+03
4.540000000000000000e+02 1.489410687509806849e+03
4.560000000000000000e+02 1.476165581231265833e+03
4.580000000000000000e+02 1.462818206819587886e+03
4.600000000000000000e+02 1.449376199259750138e+03
4.620000000000000000e+02 1.435847037035268841e+03
4.640000000000000000e+02 1.422238041714202382e+03
4.660000000000000000e+02 1.408556377690369345e+03
4.680000000000000000e+02 1.394809052073655039e+03
4.700000000000000000e+02 1.381002914723376307e+03
4.720000000000000000e+02 1.367144658418766994e+03
4.740000000000000000e+02 1.353240819160759656e+03
4.760000000000000000e+02 1.339297776599343706e+03
4.780000000000000000e+02 1.325321754580884544e+03
4.800000000000000000e+02 1.311318821809906922e+03
4.820000000000000000e+02 1.297294892619953544e+03
4.840000000000000000e+02 1.283255727848266361e+03
4.860000000000000000e+02 1.269206935809104152e+03
4.880000000000000000e+02 1.255153973360692589e+03
4.900000000000000000e+02 1.241102147060881407e+03
4.920000000000000000e+02 1.227056614406699509e+03
4.940000000000000000e+02 1.213022385153157302e+03
4.960000000000000000e+02 1.199004322706712401e+03
4.980000000000000000e+02 1.185007145588990852e+03
5.000000000000000000e+02 1.171035428966425570e+03
5.020000000000000000e+02 1.157093606241627413e+03
5.040000000000000000e+02 1.143185970702421173e+03
5.060000000000000000e+02 1.129316677224573141e+03
5.080000000000000000e+02 1.115489744024376023e+03
5.100000000000000000e+02 1.101709054457392995e+03
5.120000000000000000e+02 1.087978358859711079e+03
5.140000000000000000e+02 1.074301276428254823e+03
5.160000000000000000e+02 1.060681297136758531e+03
5.180000000000000000e+02 1.047121783684158800e+03
5.200000000000000000e+02 1.033625973472210944e+03
5.220000000000000000e+02 1.020196980609339334e+03
5.240000000000000000e+02 1.006837797937741698e+03
5.260000000000000000e+02 9.935512990809443181e+02
5.280000000000000000e+02 9.803402405090773755e+02
5.300000000000000000e+02 9.672072636192388018e+02
5.320000000000000000e+02 9.541548968284434977e+02
5.340000000000000000e+02 9.411855576767164848e+02
5.360000000000000000e+02 9.283015549380304492e+02
5.380000000000000000e+02 9.155050907368266735e+02
5.400000000000000000e+02 9.027982626680209250e+02
5.420000000000000000e+02 8.901830659184137176e+02
5.440000000000000000e+02 8.776613953875770449e+02
5.460000000000000000e+02 8.652350478063414130e+02
5.480000000000000000e+02 8.529057238510928300e+02
5.500000000000000000e+02 8.406750302521937783e+02
5.520000000000000000e+02 8.285444818949063119e+02
5.540000000000000000e+02 8.165155039112759141e+02
5.560000000000000000e+02 8.045894337615184213e+02
5.580000000000000000e+02 7.927675233035217843e+02
5.600000000000000000e+02 7.810509408491537897e+02
5.620000000000000000e+02 7.694407732061325760e+02
5.640000000000000000e+02 7.579380277042897660e+02
5.660000000000000000e+02 7.465436342051078782e+02
5.680000000000000000e+02 7.352584470935191803e+02
5.700000000000000000e+02 7.240832472509569016e+02
5.720000000000000000e+02 7.130187440087776167e+02
5.740000000000000000e+02 7.020655770811606544e+02
5.760000000000000000e+02 6.912243184767249886e+02
5.780000000000000000e+02 6.804954743880927026e+02
5.800000000000000000e+02 6.698794870587225887e+02
5.820000000000000000e+02 6.593767366263730310e+02
5.840000000000000000e+02 6.489875429426147093e+02
5.860000000000000000e+02 6.387121673678441311e+02
5.880000000000000000e+02 6.285508145413132297e+02
5.900000000000000000e+02 6.185036341257349477e+02
5.920000000000000000e+02 6.085707225260467794e+02
5.940000000000000000e+02 5.987521245819858677e+02
5.960000000000000000e+02 5.890478352341514210e+02
5.980000000000000000e+02 5.794578011632660264e+02
6.000000000000000000e+02 5.699819224023999595e+02
6.020000000000000000e+02 5.606200539219481698e+02
6.040000000000000000e+02 5.513720071871791788e+02
6.060000000000000000e+02 5.422375516882219699e+02
6.080000000000000000e+02 5.332164164423733155e+02
6.100000000000000000e+02 5.243082914686557388e+02
6.120000000000000000e+02 5.155128292345551699e+02
6.140000000000000000e+02 5.068296460749396033e+02
6.160000000000000000e+02 4.982583235831427260e+02
6.180000000000000000e+02 4.897984099742383250e+02
6.200000000000000000e+02 4.814494214205714684e+02
6.220000000000000000e+02 4.732108433596052350e+02
6.240000000000000000e+02 4.650821317741837788e+02
6.260000000000000000e+02 4.570627144453250708e+02
6.280000000000000000e+02 4.491519921776829278e+02
6.300000000000000000e+02 4.413493399978220282e+02
6.320000000000000000e+02 4.336541083254827527e+02
6.340000000000000000e+02 4.260656241180218444e+02
6.360000000000000000e+02 4.185831919882249963e+02
6.380000000000000000e+02 4.112060952957157269e+02
6.400000000000000000e+02 4.039335972121837131e+02
6.420000000000000000e+02 3.967649417606776296e+02
6.440000000000000000e+02 3.896993548292184641e+02
6.460000000000000000e+02 3.827360451589935906e+02
6.480000000000000000e+02 3.758742053074133764e+02
6.500000000000000000e+02 3.691130125863120384e+02
6.520000000000000000e+02 3.624516299755878777e+02
6.540000000000000000e+02 3.558892070125858140e+02
6.560000000000000000e+02 3.494248806575328103e+02
6.580000000000000000e+02 3.430577761353382584e+02
6.600000000000000000e+02 3.367870077540917464e+02
6.620000000000000000e+02 3.306116797005759054e+02
6.640000000000000000e+02 3.245308868131368172e+02
6.660000000000000000e+02 3.185437153322467339e+02
6.680000000000000000e+02 3.126492436291015338e+02
6.700000000000000000e+02 3.068465429125989772e+02
6.720000000000000000e+02 3.011346779150480302e+02
6.740000000000000000e+02 2.955127075569581052e+02
6.760000000000000000e+02 2.899796855912653655e+02
6.780000000000000000e+02 2.845346612273493179e+02
6.800000000000000000e+02 2.791766797351951936e+02
6.820000000000000000e+02 2.739047830300636406e+02
6.840000000000000000e+02 2.687180102380207245e+02
6.860000000000000000e+02 2.636153982426918105e+02
6.880000000000000000e+02 2.585959822135947093e+02
6.900000000000000000e+02 2.536587961164083538e+02
6.920000000000000000e+02 2.488028732055358887e+02
6.940000000000000000e+02 2.440272464993217625e+02
6.960000000000000000e+02 2.393309492382689143e+02
6.980000000000000000e+02 2.347130153266163006e+02
7.000000000000000000e+02 2.301724797576258084e+02
7.020000000000000000e+02 2.257083790229256692e+02
7.040000000000000000e+02 2.213197515062619232e+02
7.060000000000000000e+02 2.170056378619956092e+02
7.080000000000000000e+02 2.127650813786965216e+02
7.100000000000000000e+02 2.085971283281626256e+02
7.120000000000000000e+02 2.045008283002081555e+02
7.140000000000000000e+02 2.004752345235509665e+02
7.160000000000000000e+02 1.965194041731281231e+02
7.180000000000000000e+02 1.926323986641644694e+02
7.200000000000000000e+02 1.888132839333214577e+02
7.220000000000000000e+02 1.850611307072386751e+02
7.240000000000000000e+02 1.813750147587878701e+02
7.260000000000000000e+02 1.777540171513471705e+02
7.280000000000000000e+02 1.741972244714055194e+02
7.300000000000000000e+02 1.707037290497978574e+02
7.320000000000000000e+02 1.672726291718699656e+02
7.340000000000000000e+02 1.639030292768708534e+02
7.360000000000000000e+02 1.605940401468580490e+02
7.380000000000000000e+02 1.573447790854040420e+02
7.400000000000000000e+02 1.541543700863880417e+02
7.420000000000000000e+02 1.510219439931454417e+02
7.440000000000000000e+02 1.479466386482498592e+02
7.460000000000000000e+02 1.449275990341985505e+02
7.480000000000000000e+02 1.419639774052601524e+02
7.500000000000000000e+02 1.390549334107462300e+02
7.520000000000000000e+02 1.361996342099634205e+02
7.540000000000000000e+02 1.333972545790914523e+02
7.560000000000000000e+02 1.306469770102377765e+02
7.580000000000000000e+02 1.279479918029050225e+02
7.600000000000000000e+02 1.252994971481119251e+02
7.620000000000000000e+02 1.227006992053968162e+02
7.640000000000000000e+02 1.201508121729320209e+02
7.660000000000000000e+02 1.176490583509718846e+02
7.680000000000000000e+02 1.151946681988540320e+02
7.700000000000000000e+02 1.127868803857657127e+02
7.720000000000000000e+02 1.104249418354850434e+02
7.740000000000000000e+02 1.081081077653053626e+02
7.760000000000000000e+02 1.058356417193388239e+02
7.780000000000000000e+02 1.036068155963981923e+02
7.800000000000000000e+02 1.014209096726491453e+02
7.820000000000000000e+02 9.927721261921905693e+01
7.840000000000000000e+02 9.717502151494734619e+01
7.860000000000000000e+02 9.511364185445708586e+01
7.880000000000000000e+02 9.309238755171999458e+01
7.900000000000000000e+02 9.111058093929030122e+01
7.920000000000000000e+02 8.916755276337104874e+01
7.940000000000000000e+02 8.726264217487712926e+01
7.960000000000000000e+02 8.539519671665449607e+01
7.980000000000000000e+02 8.356457230700938510e+01
8.000000000000000000e+02 8.177013321970076731e+01
8.020000000000000000e+02 8.001125206054118166e+01
8.040000000000000000e+02 7.828730974075170934e+01
8.060000000000000000e+02 7.659769544720933254e+01
8.080000000000000000e+02 7.494180660972472197e+01
8.100000000000000000e+02 7.331904886548151978e+01
8.120000000000000000e+02 7.172883602076821319e+01
8.140000000000000000e+02 7.017059001012631825e+01
8.160000000000000000e+02 6.864374085303880690e+01
8.180000000000000000e+02 6.714772660827661355e+01
8.200000000000000000e+02 6.568199332602000595e+01
8.220000000000000000e+02 6.424599499786612000e+01
8.240000000000000000e+02 6.283919350483179755e+01
8.260000000000000000e+02 6.146105856345950258e+01
8.280000000000000000e+02 6.011106767012681473e+01
8.300000000000000000e+02 5.878870604366118613e+01
8.320000000000000000e+02 5.749346656635643882e+01
8.340000000000000000e+02 5.622484972348484433e+01
8.360000000000000000e+02 5.498236354139604742e+01
8.380000000000000000e+02 5.376552352429182235e+01
8.400000000000000000e+02 5.257385258976137266e+01
8.420000000000000000e+02 5.140688100316100417e+01
8.440000000000000000e+02 5.026414631091775931e+01
8.460000000000000000e+02 4.914519327283554873e+01
8.480000000000000000e+02 4.804957379347850832e+01
8.500000000000000000e+02 4.697684685270453997e+01
8.520000000000000000e+02 4.592657843541942242e+01
8.540000000000000000e+02 4.489834146061935627e+01
8.560000000000000000e+02 4.389171570978798087e+01
8.580000000000000000e+02 4.290628775471068934e+01
8.600000000000000000e+02 4.194165088476849235e+01
8.620000000000000000e+02 4.099740503376911960e+01
8.640000000000000000e+02 4.007315670637402150e+01
8.660000000000000000e+02 3.916851890417463267e+01
8.680000000000000000e+02 3.828311105147180626e+01
8.700000000000000000e+02 3.741655892080924417e+01
8.720000000000000000e+02 3.656849455830951712e+01
8.740000000000000000e+02 3.573855620886062212e+01
8.760000000000000000e+02 3.492638824119766383e+01
8.780000000000000000e+02 3.413164107292431027e+01
8.800000000000000000e+02 3.335397109551473704e+01
8.820000000000000000e+02 3.259304059933719344e+01
8.840000000000000000e+02 3.184851769873750627e+01
8.860000000000000000e+02 3.112007625721928150e+01
8.880000000000000000e+02 3.040739581275690284e+01
8.900000000000000000e+02 2.971016150327421101e+01
8.920000000000000000e+02 2.902806399232278523e+01
8.940000000000000000e+02 2.836079939498929292e+01
8.960000000000000000e+02 2.770806920406309004e+01
8.980000000000000000e+02 2.706958021649106172e+01
9.000000000000000000e+02 2.644504446014780186e+01
9.020000000000000000e+02 2.583417912094606805e+01
9.040000000000000000e+02 2.523670647031264025e+01
9.060000000000000000e+02 2.465235379305235952e+01
9.080000000000000000e+02 2.408085331562275400e+01
9.100000000000000000e+02 2.352194213484048291e+01
9.120000000000000000e+02 2.297536214703870883e+01
9.140000000000000000e+02 2.244085997769553842e+01
9.160000000000000000e+02 2.191818691154997012e+01
9.180000000000000000e+02 2.140709882322303770e+01
9.200000000000000000e+02 2.090735610835992730e+01
9.220000000000000000e+02 2.041872361530750268e+01
9.240000000000000000e+02 1.994097057734183664e+01
9.260000000000000000e+02 1.947387054545847107e+01
9.280000000000000000e+02 1.901720132173784705e+01
9.300000000000000000e+02 1.857074489329735556e+01
9.320000000000000000e+02 1.813428736684052822e+01
9.340000000000000000e+02 1.770761890381363912e+01
9.360000000000000000e+02 1.729053365617816240e+01
9.380000000000000000e+02 1.688282970280856077e+01
9.400000000000000000e+02 1.648430898652192411e+01
9.420000000000000000e+02 1.609477725174760465e+01
9.440000000000000000e+02 1.571404398284252402e+01
9.460000000000000000e+02 1.534192234305847435e+01
9.480000000000000000e+02 1.497822911416622027e+01
9.500000000000000000e+02 1.462278463674129370e+01
9.520000000000000000e+02 1.427541275111541452e+01
9.540000000000000000e+02 1.393594073899721586e+01
9.560000000000000000e+02 1.360419926576500771e+01
9.580000000000000000e+02 1.328002232343455979e+01
9.600000000000000000e+02 1.296324717430344187e+01
9.620000000000000000e+02 1.265371429527381508e+01
9.640000000000000000e+02 1.235126732285495166e+01
9.660000000000000000e+02 1.205575299884576879e+01
9.680000000000000000e+02 1.176702111669809092e+01
9.700000000000000000e+02 1.148492446856048588e+01
9.720000000000000000e+02 1.120931879300203882e+01
9.740000000000000000e+02 1.094006272341562891e+01
9.760000000000000000e+02 1.067701773709924318e+01
9.780000000000000000e+02 1.042004810501405565e+01
9.800000000000000000e+02 1.016902084221744040e+01
9.820000000000000000e+02 9.923805658968881005e+00
9.840000000000000000e+02 9.684274912506468880e+00
9.860000000000000000e+02 9.450303559491194605e+00
9.880000000000000000e+02 9.221769109116301877e+00
9.900000000000000000e+02 8.998551576878734082e+00
9.920000000000000000e+02 8.780533439008939567e+00
9.940000000000000000e+02 8.567599587555738694e+00
9.960000000000000000e+02 8.359637286122410416e+00
9.980000000000000000e+02 8.156536126249996244e+00
1.000000000000000000e+03 7.958187984443653384e+00
1.002000000000000000e+03 7.764486979837748493e+00
1.004000000000000000e+03 7.575329432495018445e+00
1.006000000000000000e+03 7.390613822335456717e+00
1.008000000000000000e+03 7.210240748689678902e+00
1.010000000000000000e+03 7.034112890472171031e+00
1.012000000000000000e+03 6.862134966969125394e+00
1.014000000000000000e+03 6.694213699235661785e+00
1.016000000000000000e+03 6.530257772097252555e+00
1.018000000000000000e+03 6.370177796749731058e+00
1.020000000000000000e+03 6.213886273952453188e+00
1.022000000000000000e+03 6.061297557808981828e+00
1.024000000000000000e+03 5.912327820129546829e+00
1.026000000000000000e+03 5.766895015369559729e+00
1.028000000000000000e+03 5.624918846138252881e+00
1.030000000000000000e+03 5.486320729271572105e+00
1.032000000000000000e+03 5.351023762463347211e+00
1.034000000000000000e+03 5.218952691448678571e+00
1.036000000000000000e+03 5.090033877733478818e+00
1.038000000000000000e+03 4.964195266864066980e+00
1.040000000000000000e+03 4.841366357230594275e+00
1.042000000000000000e+03 4.721478169398300118e+00
1.044000000000000000e+03 4.604463215960094224e+00
1.046000000000000000e+03 4.490255471904509577e+00
1.048000000000000000e+03 4.378790345492627800e+00
1.050000000000000000e+03 4.270004649637741068e+00
1.052000000000000000e+03 4.163836573781542150e+00
1.054000000000000000e+03 4.060225656260453064e+00
1.056000000000000000e+03 3.959112757155947460e+00
1.058000000000000000e+03 3.860440031622502044e+00
1.060000000000000000e+03 3.764150903686951377e+00
1.062000000000000000e+03 3.670190040512972818e+00
1.064000000000000000e+03 3.578503327124511468e+00
1.066000000000000000e+03 3.489037841581796418e+00
1.068000000000000000e+03 3.401741830603919325e+00
1.070000000000000000e+03 3.316564685631621323e+00
1.072000000000000000e+03 3.233456919324221523e+00
1.074000000000000000e+03 3.152370142484511639e+00
1.076000000000000000e+03 3.073257041405550005e+00
1.078000000000000000e+03 2.996071355633219913e+00
1.080000000000000000e+03 2.920767856138577923e+00
1.082000000000000000e+03 2.847302323893914799e+00
1.084000000000000000e+03 2.775631528846619123e+00
1.086000000000000000e+03 2.705713209284881682e+00
1.088000000000000000e+03 2.637506051589354250e+00
1.090000000000000000e+03 2.570969670364922521e+00
1.092000000000000000e+03 2.506064588946756544e+00
1.094000000000000000e+03 2.442752220274954755e+00
1.096000000000000000e+03 2.380994848131980479e+00
1.098000000000000000e+03 2.320755608737275377e+00
1.100000000000000000e+03 2.261998472693425022e+00
1.102000000000000000e+03 2.204688227278309931e+00
1.104000000000000000e+03 2.148790459077727366e+00
1.106000000000000000e+03 2.094271536953007828e+00
1.108000000000000000e+03 2.041098595338236787e+00
1.110000000000000000e+03 1.989239517861715489e+00
1.112000000000000000e+03 1.938662921286341101e+00
1.114000000000000000e+03 1.889338139763692581e+00
1.116000000000000000e+03 1.841235209396595351e+00
1.118000000000000000e+03 1.794324853105037976e+00
1.120000000000000000e+03 1.748578465790392666e+00
1.122000000000000000e+03 1.703968099792862567e+00
1.124000000000000000e+03 1.660466450637221092e+00
1.126000000000000000e+03 1.618046843061941908e+00
1.128000000000000000e+03 1.576683217326843689e+00
1.130000000000000000e+03 1.536350115794477444e+00
1.132000000000000000e+03 1.497022669780518012e+00
1.134000000000000000e+03 1.458676586668470998e+00
1.136000000000000000e+03 1.421288137284110631e+00
1.138000000000000000e+03 1.384834143525039751e+00
1.140000000000000000e+03 1.349291966240925733e+00
1.142000000000000000e+03 1.314639493359935463e+00
1.144000000000000000e+03 1.280855128256991549e+00
1.146000000000000000e+03 1.247917778359534546e+00
1.148000000000000000e+03 1.215806843986543040e+00
1.150000000000000000e+03 1.184502207416549657e+00
1.152000000000000000e+03 1.153984222180556074e+00
1.154000000000000000e+03 1.124233702575735849e+00
1.156000000000000000e+03 1.095231913395892098e+00
1.158000000000000000e+03 1.066960559874679415e+00
1.160000000000000000e+03 1.039401777837709595e+00
1.162000000000000000e+03 1.012538124059630285e+00
1.164000000000000000e+03 9.863525668224086829e-01
1.166000000000000000e+03 9.608284766710495362e-01
1.168000000000000000e+03 9.359496173630582616e-01
1.170000000000000000e+03 9.117001370080265454e-01
1.172000000000000000e+03 8.880645593937183113e-01
1.174000000000000000e+03 8.650277754951838372e-01
1.176000000000000000e+03 8.425750351633730650e-01
1.178000000000000000e+03 8.206919389898640338e-01
1.180000000000000000e+03 7.993644303443239174e-01
1.182000000000000000e+03 7.785787875813934278e-01
1.184000000000000000e+03 7.583216164137380755e-01
1.186000000000000000e+03 7.385798424480445323e-01
1.188000000000000000e+03 7.193407038808186105e-01
1.190000000000000000e+03 7.005917443508719034e-01
1.192000000000000000e+03 6.823208059454400898e-01
1.194000000000000000e+03 6.645160223569321900e-01
1.196000000000000000e+03 6.471658121873540281e-01
1.198000000000000000e+03 6.302588723974857920e-01
1.200000000000000000e+03 6.137841718979882843e-01
1.202000000000000000e+03 5.977309452795888101e-01
1.204000000000000000e+03 5.820886866796070036e-01
1.206000000000000000e+03 5.668471437821018810e-01
1.208000000000000000e+03 5.519963119489664782e-01
1.210000000000000000e+03 5.375264284793488390e-01
1.212000000000000000e+03 5.234279669948207481e-01
1.214000000000000000e+03 5.096916319477630131e-01
1.216000000000000000e+03 4.963083532504716788e-01
1.218000000000000000e+03 4.832692810225514557e-01
1.220000000000000000e+03 4.705657804541800715e-01
1.222000000000000000e+03 4.581894267828936496e-01
1.224000000000000000e+03 4.461320003815688051e-01
1.226000000000000000e+03 4.343854819553376601e-01
1.228000000000000000e+03 4.229420478451786924e-01
1.230000000000000000e+03 4.117940654360102704e-01
1.232000000000000000e+03 4.009340886671169946e-01
1.234000000000000000e+03 3.903548536427998150e-01
1.236000000000000000e+03 3.800492743411700847e-01
1.238000000000000000e+03 3.700104384190506801e-01
1.240000000000000000e+03 3.602316031109765171e-01
1.242000000000000000e+03 3.507061912203395249e-01
1.244000000000000000e+03 3.414277872007400183e-01
1.246000000000000000e+03 3.323901333256605861e-01
1.248000000000000000e+03 3.235871259446013171e-01
1.250000000000000000e+03 3.150128118238516572e-01
1.252000000000000000e+03 3.066613845701253727e-01
1.254000000000000000e+03 2.985271811352872007e-01
1.256000000000000000e+03 2.906046784004616135e-01
1.258000000000000000e+03 2.828884898378367097e-01
1.260000000000000000e+03 2.753733622485039501e-01
1.262000000000000000e+03 2.680541725747133119e-01
1.264000000000000000e+03 2.609259247849520791e-01
1.266000000000000000e+03 2.539837468302851842e-01
1.268000000000000000e+03 2.472228876704287981e-01
1.270000000000000000e+03 2.406387143680509544e-01
1.272000000000000000e+03 2.342267092498361847e-01
1.274000000000000000e+03 2.279824671328637142e-01
1.276000000000000000e+03 2.219016926148877078e-01
1.278000000000000000e+03 2.159801974271377545e-01
1.280000000000000000e+03 2.102138978482717413e-01
1.282000000000000000e+03 2.045988121781573688e-01
1.284000000000000000e+03 1.991310582701723286e-01
1.286000000000000000e+03 1.938068511207463318e-01
1.288000000000000000e+03 1.886225005148891853e-01
1.290000000000000000e+03 1.835744087264790381e-01
1.292000000000000000e+03 1.786590682721041212e-01
1.294000000000000000e+03 1.738730597172823689e-01
1.296000000000000000e+03 1.692130495338989293e-01
1.298000000000000000e+03 1.646757880077339420e-01
1.300000000000000000e+03 1.602581071949689129e-01
1.302000000000000000e+03 1.559569189265848921e-01
1.304000000000000000e+03 1.517692128595936607e-01
1.306000000000000000e+03 1.476920545740516844e-01
1.308000000000000000e+03 1.437225837148431162e-01
1.310000000000000000e+03 1.398580121772277640e-01
1.312000000000000000e+03 1.360956223351784122e-01
1.314000000000000000e+03 1.324327653115462688e-01
1.316000000000000000e+03 1.288668592891172582e-01
1.318000000000000000e+03 1.253953878616400064e-01
1.320000000000000000e+03 1.220158984239244765e-01
1.322000000000000000e+03 1.187260006001327334e-01
1.324000000000000000e+03 1.155233647093951849e-01
1.326000000000000000e+03 1.124057202679130674e-01
1.328000000000000000e+03 1.093708545267153137e-01
1.330000000000000000e+03 1.064166110442667929e-01
1.332000000000000000e+03 1.035408882931284774e-01
1.334000000000000000e+03 1.007416382999013482e-01
1.336000000000000000e+03 9.801686531769199240e-02
1.338000000000000000e+03 9.536462453035693398e-02
1.340000000000000000e+03 9.278302078780178985e-02
1.342000000000000000e+03 9.027020737162176622e-02
1.344000000000000000e+03 8.782438479038878754e-02
1.346000000000000000e+03 8.544379960390471873e-02
1.348000000000000000e+03 8.312674327575449162e-02
1.350000000000000000e+03 8.087155105350654627e-02
1.352000000000000000e+03 7.867660087592460993e-02
1.354000000000000000e+03 7.654031230656592466e-02
1.356000000000000000e+03 7.446114549315534237e-02
1.358000000000000000e+03 7.243760015214051329e-02
1.360000000000000000e+03 7.046821457784176179e-02
1.362000000000000000e+03 6.855156467562666112e-02
1.364000000000000000e+03 6.668626301855123950e-02
1.366000000000000000e+03 6.487095792692056107e-02
1.368000000000000000e+03 6.310433257023478903e-02
1.370000000000000000e+03 6.138510409099813547e-02
1.372000000000000000e+03 5.971202274987947450e-02
1.374000000000000000e+03 5.808387109172548357e-02
1.376000000000000000e+03 5.649946313193688480e-02
1.378000000000000000e+03 5.495764356273005052e-02
1.380000000000000000e+03 5.345728697881808877e-02
1.382000000000000000e+03 5.199729712205165832e-02
1.384000000000000000e+03 5.057660614457745729e-02
1.386000000000000000e+03 4.919417389007272462e-02
1.388000000000000000e+03 4.784898719263247502e-02
1.390000000000000000e+03 4.654005919289093407e-02
1.392000000000000000e+03 4.526642867096887513e-02
1.394000000000000000e+03 4.402715939584916915e-02
1.396000000000000000e+03 4.282133949078967966e-02
1.398000000000000000e+03 4.164808081439336229e-02
1.400000000000000000e+03 4.050651835696276321e-02
1.402000000000000000e+03 3.939580965177526262e-02
1.404000000000000000e+03 3.831513420092316075e-02
1.406000000000000000e+03 3.726369291537140471e-02
1.408000000000000000e+03 3.624070756889223588e-02
1.410000000000000000e+03 3.524542026554700058e-02
1.412000000000000000e+03 3.427709292038784439e-02
1.414000000000000000e+03 3.333500675306468736e-02
1.416000000000000000e+03 3.241846179402673583e-02
1.418000000000000000e+03 3.152677640301602968e-02
1.420000000000000000e+03 3.065928679955748706e-02
1.422000000000000000e+03 2.981534660515643836e-02
1.424000000000000000e+03 2.899432639692177405e-02
1.426000000000000000e+03 2.819561327233836151e-02
1.428000000000000000e+03 2.741861042492022699e-02
1.430000000000000000e+03 2.666273673048064757e-02
1.432000000000000000e+03 2.592742634376249758e-02
1.434000000000000000e+03 2.521212830517753981e-02
1.436000000000000000e+03 2.451630615741001024e-02
1.438000000000000000e+03 2.383943757164427163e-02
1.440000000000000000e+03 2.318101398318270570e-02
1.442000000000000000e+03 2.254054023622581449e-02
1.444000000000000000e+03 2.191753423759076197e-02
1.446000000000000000e+03 2.131152661915094657e-02
1.448000000000000000e+03 2.072206040878312241e-02
1.450000000000000000e+03 2.014869070961495395e-02
1.452000000000000000e+03 1.959098438736929515e-02
1.454000000000000000e+03 1.904851976560751822e-02
1.456000000000000000e+03 1.852088632867805035e-02
1.458000000000000000e+03 1.800768443218124862e-02
1.460000000000000000e+03 1.750852502076580275e-02
1.462000000000000000e+03 1.702302935307717022e-02
1.464000000000000000e+03 1.655082873368132063e-02
1.466000000000000000e+03 1.609156425179242289e-02
1.468000000000000000e+03 1.564488652663682464e-02
1.470000000000000000e+03 1.521045545928964050e-02
1.472000000000000000e+03 1.478793999082385520e-02
1.474000000000000000e+03 1.437701786661630364e-02
1.476000000000000000e+03 1.397737540665801130e-02
1.478000000000000000e+03 1.358870728172022375e-02
1.480000000000000000e+03 1.321071629523110948e-02
1.482000000000000000e+03 1.284311317072147143e-02
1.484000000000000000e+03 1.248561634470123430e-02
1.486000000000000000e+03 1.213795176483145090e-02
1.488000000000000000e+03 1.179985269326085107e-02
1.490000000000000000e+03 1.147105951499753466e-02
1.492000000000000000e+03 1.115131955119090697e-02
1.494000000000000000e+03 1.084038687720122532e-02
1.496000000000000000e+03 1.053802214533736646e-02
1.498000000000000000e+03 1.024399241214605377e-02
1.500000000000000000e+03 9.958070970138949499e-03
1.502000000000000000e+03 9.680037183846428375e-03
1.504000000000000000e+03 9.409676330089709537e-03
1.506000000000000000e+03 9.146779442365709015e-03
1.508000000000000000e+03 8.891143159241330848e-03
1.510000000000000000e+03 8.642569576656629685e-03
1.512000000000000000e+03 8.400866104038447885e-03
1.514000000000000000e+03 8.165845324129138161e-03
1.516000000000000000e+03 7.937324856436318507e-03
1.518000000000000000e+03 7.715127224212819761e-03
1.520000000000000000e+03 7.499079724877750347e-03
1.522000000000000000e+03 7.289014303791878716e-03
1.524000000000000000e+03 7.084767431302519368e-03
1.526000000000000000e+03 6.886179982975512703e-03
1.528000000000000000e+03 6.693097122933556846e-03
1.530000000000000000e+03 6.505368190222308479e-03
1.532000000000000000e+03 6.322846588127569237e-03
1.534000000000000000e+03 6.145389676368793672e-03
1.536000000000000000e+03 5.972858666095873931e-03
1.538000000000000000e+03 5.805118517618128651e-03
1.540000000000000000e+03 5.642037840795950145e-03
1.542000000000000000e+03 5.483488798027642136e-03
1.544000000000000000e+03 5.329347009765116570e-03
1.546000000000000000e+03 5.179491462494282931e-03
1.548000000000000000e+03 5.033804419117230734e-03
1.550000000000000000e+03 4.892171331674986801e-03
1.552000000000000000e+03 4.754480756351046195e-03
1.554000000000000000e+03 4.620624270697559245e-03
1.556000000000000000e+03 4.490496393027206337e-03
1.558000000000000000e+03 4.363994503915507792e-03
1.560000000000000000e+03 4.241018769759479293e-03
1.562000000000000000e+03 4.121472068339955379e-03
1.564000000000000000e+03 4.005259916336292164e-03
1.566000000000000000e+03 3.892290398743241623e-03
1.568000000000000000e+03 3.782474100141370102e-03
1.570000000000000000e+03 3.675724037773192999e-03
1.572000000000000000e+03 3.571955596378747957e-03
1.574000000000000000e+03 3.471086464745313377e-03
1.576000000000000000e+03 3.373036573927143487e-03
1.578000000000000000e+03 3.277728037092198388e-03
1.580000000000000000e+03 3.185085090953944723e-03
1.582000000000000000e+03 3.095034038747356865e-03
1.584000000000000000e+03 3.007503194709198330e-03
1.586000000000000000e+03 2.922422830023815778e-03
1.588000000000000000e+03 2.839725120196489455e-03
1.590000000000000000e+03 2.759344093817496686e-03
1.592000000000000000e+03 2.681215582680774971e-03
1.594000000000000000e+03 2.605277173222289404e-03
1.596000000000000000e+03 2.531468159243702252e-03
1.598000000000000000e+03 2.459729495888149896e-03
1.600000000000000000e+03 2.390003754835582847e-03
1.602000000000000000e+03 2.322235080686020116e-03
1.604000000000000000e+03 2.256369148499829443e-03
1.606000000000000000e+03 2.192353122464990155e-03
1.608000000000000000e+03 2.130135615661964132e-03
1.610000000000000000e+03 2.069666650897668617e-03
1.612000000000000000e+03 2.010897622580626147e-03
1.614000000000000000e+03 1.953781259610220394e-03
1.616000000000000000e+03 1.898271589253565633e-03
1.618000000000000000e+03 1.844323901984212723e-03
1.620000000000000000e+03 1.791894717257632883e-03
1.622000000000000000e+03 1.740941750198906441e-03
1.624000000000000000e+03 1.691423879178833960e-03
1.626000000000000000e+03 1.643301114255202528e-03
1.628000000000000000e+03 1.596534566456570383e-03
1.630000000000000000e+03 1.551086417886472736e-03
1.632000000000000000e+03 1.506919892626569675e-03
1.634000000000000000e+03 1.463999228417787839e-03
1.636000000000000000e+03 1.422289649098999135e-03
1.638000000000000000e+03 1.381757337783396256e-03
1.640000000000000000e+03 1.342369410753148883e-03
1.642000000000000000e+03 1.304093892053465693e-03
1.644000000000000000e+03 1.266899688767654823e-03
1.646000000000000000e+03 1.230756566955305787e-03
1.648000000000000000e+03 1.195635128236050698e-03
1.650000000000000000e+03 1.161506787001956092e-03
1.652000000000000000e+03 1.128343748241947102e-03
1.654000000000000000e+03 1.096118985962118248e-03
1.656000000000000000e+03 1.064806222186205804e-03
1.658000000000000000e+03 1.034379906520891106e-03
1.660000000000000000e+03 1.004815196271019017e-03
1.662000000000000000e+03 9.760879370901864209e-04
1.664000000000000000e+03 9.481746441525247017e-04
1.666000000000000000e+03 9.210524838319068342e-04
1.668000000000000000e+03 8.946992558751099391e-04
1.670000000000000000e+03 8.690933760558550028e-04
1.672000000000000000e+03 8.442138592969927356e-04
1.674000000000000000e+03 8.200403032483777593e-04
1.676000000000000000e+03 7.965528723083605944e-04
1.678000000000000000e+03 7.737322820771118425e-04
1.680000000000000000e+03 7.515597842303003333e-04
1.682000000000000000e+03 7.300171518019479789e-04
1.684000000000000000e+03 7.090866648655786558e-04
1.686000000000000000e+03 6.887510966030591358e-04
1.688000000000000000e+03 6.689936997508091595e-04
1.690000000000000000e+03 6.497981934133221843e-04
1.692000000000000000e+03 6.311487502342078698e-04
1.694000000000000000e+03 6.130299839152230203e-04
1.696000000000000000e+03 5.954269370739871193e-04
1.698000000000000000e+03 5.783250694313763146e-04
1.700000000000000000e+03 5.617102463197424763e-04
1.702000000000000000e+03 5.455687275034148964e-04
1.704000000000000000e+03 5.298871563031263025e-04
1.706000000000000000e+03 5.146525490162194138e-04
1.708000000000000000e+03 4.998522846247336780e-04
1.710000000000000000e+03 4.854740947836489818e-04
1.712000000000000000e+03 4.715060540817846320e-04
1.714000000000000000e+03 4.579365705680421279e-04
1.716000000000000000e+03 4.447543765358750751e-04
1.718000000000000000e+03 4.319485195590562921e-04
1.720000000000000000e+03 4.195083537719909456e-04
1.722000000000000000e+03 4.074235313880096771e-04
1.724000000000000000e+03 3.956839944492525720e-04
1.726000000000000000e+03 3.842799668018980451e-04
1.728000000000000000e+03 3.732019462906912936e-04
1.730000000000000000e+03 3.624406971668610311e-04
1.732000000000000000e+03 3.519872427036829462e-04
1.734000000000000000e+03 3.418328580140881940e-04
1.736000000000000000e+03 3.319690630648782360e-04
1.738000000000000000e+03 3.223876158822397810e-04
1.740000000000000000e+03 3.130805059433978857e-04
1.742000000000000000e+03 3.040399477493855706e-04
1.744000000000000000e+03 2.952583745740349950e-04
1.746000000000000000e+03 2.867284323844302178e-04
1.748000000000000000e+03 2.784429739281892914e-04
1.750000000000000000e+03 2.703950529830547269e-04
1.752000000000000000e+03 2.625779187644159502e-04
1.754000000000000000e+03 2.549850104864715534e-04
1.756000000000000000e+03 2.476099520728808540e-04
1.758000000000000000e+03 2.404465470128535872e-04
1.760000000000000000e+03 2.334887733587286574e-04
1.762000000000000000e+03 2.267307788612141228e-04
1.764000000000000000e+03 2.201668762385452290e-04
1.766000000000000000e+03 2.137915385759285515e-04
1.768000000000000000e+03 2.075993948517367721e-04
1.770000000000000000e+03 2.015852255870030185e-04
1.772000000000000000e+03 1.957439586148726886e-04
1.774000000000000000e+03 1.900706649667422072e-04
1.776000000000000000e+03 1.845605548719129920e-04
1.778000000000000000e+03 1.792089738676777263e-04
1.780000000000000000e+03 1.740113990168181606e-04
1.782000000000000000e+03 1.689634352296015465e-04
1.784000000000000000e+03 1.640608116874187462e-04
1.786000000000000000e+03 1.592993783652989518e-04
1.788000000000000000e+03 1.546751026505989912e-04
1.790000000000000000e+03 1.501840660552460820e-04
1.792000000000000000e+03 1.458224610189777547e-04
1.794000000000000000e+03 1.415865878010954724e-04
1.796000000000000000e+03 1.374728514583109767e-04
1.798000000000000000e+03 1.334777589063350551e-04
1.800000000000000000e+03 1.295979160629148817e-04
1.802000000000000000e+03 1.258300250700944173e-04
1.804000000000000000e+03 1.221708815935291397e-04
1.806000000000000000e+03 1.186173721967433891e-04
1.808000000000000000e+03 1.151664717882795741e-04
1.810000000000000000e+03 1.118152411397388863e-04
1.812000000000000000e+03 1.085608244727740600e-04
1.814000000000000000e+03 1.054004471131388311e-04
1.816000000000000000e+03 1.023314132099560858e-04
1.818000000000000000e+03 9.935110351841483283e-05
1.820000000000000000e+03 9.645697324415216593e-05
1.822000000000000000e+03 9.364654994762903919e-05
1.824000000000000000e+03 9.091743150684663589e-05
1.826000000000000000e+03 8.826728413680242507e-05
1.828000000000000000e+03 8.569384046412449228e-05
1.830000000000000000e+03 8.319489765536474334e-05
1.832000000000000000e+03 8.076831559747561264e-05
1.834000000000000000e+03 7.841201512903113273e-05
1.836000000000000000e+03 7.612397632079669931e-05
1.838000000000000000e+03 7.390223680428509561e-05
1.840000000000000000e+03 7.174489014697745936e-05
1.842000000000000000e+03 6.965008427292118697e-05
1.844000000000000000e+03 6.761601992745263007e-05
1.846000000000000000e+03 6.564094918482785189e-05
1.848000000000000000e+03 6.372317399757388985e-05
1.850000000000000000e+03 6.186104478641113447e-05
1.852000000000000000e+03 6.005295906962307623e-05
1.854000000000000000e+03 5.829736013078431887e-05
1.856000000000000000e+03 5.659273572378531003e-05
1.858000000000000000e+03 5.493761681412190671e-05
1.860000000000000000e+03 5.333057635544641398e-05
1.862000000000000000e+03 5.177022810040331235e-05
1.864000000000000000e+03 5.025522544480020382e-05
1.866000000000000000e+03 4.878426030419066352e-05
1.868000000000000000e+03 4.735606202196831604e-05
1.870000000000000000e+03 4.596939630810365017e-05
1.872000000000000000e+03 4.462306420766644214e-05
1.874000000000000000e+03 4.331590109831261290e-05
1.876000000000000000e+03 4.204677571592919813e-05
1.878000000000000000e+03 4.081458920765574836e-05
1.880000000000000000e+03 3.961827421152183535e-05
1.882000000000000000e+03 3.845679396196068317e-05
1.884000000000000000e+03 3.732914142047944064e-05
1.886000000000000000e+03 3.623433843078728616e-05
1.888000000000000000e+03 3.517143489769933404e-05
1.890000000000000000e+03 3.413950798915630036e-05
1.892000000000000000e+03 3.313766136071517361e-05
1.894000000000000000e+03 3.216502440188541396e-05
1.896000000000000000e+03 3.122075150370242334e-05
1.898000000000000000e+03 3.030402134694525152e-05
1.900000000000000000e+03 2.941403621042455133e-05
1.902000000000000000e+03 2.855002129877923071e-05
1.904000000000000000e+03 2.771122408923902967e-05
1.906000000000000000e+03 2.689691369682274899e-05
1.908000000000000000e+03 2.610638025745752431e-05
1.910000000000000000e+03 2.533893432851886760e-05
1.912000000000000000e+03 2.459390630630450657e-05
1.914000000000000000e+03 2.387064585996899829e-05
1.916000000000000000e+03 2.316852138145831738e-05
1.918000000000000000e+03 2.248691945099773096e-05
1.920000000000000000e+03 2.182524431769662318e-05
1.922000000000000000e+03 2.118291739484910084e-05
1.924000000000000000e+03 2.055937676951657400e-05
1.926000000000000000e+03 1.995407672599402307e-05
1.928000000000000000e+03 1.936648728277040211e-05
1.930000000000000000e+03 1.879609374260485255e-05
1.932000000000000000e+03 1.824239625535137605e-05
1.934000000000000000e+03 1.770490939317417641e-05
1.936000000000000000e+03 1.718316173780602097e-05
1.938000000000000000e+03 1.667669547951200108e-05
1.940000000000000000e+03 1.618506602742959558e-05
1.942000000000000000e+03 1.570784163096600403e-05
1.944000000000000000e+03 1.524460301194192068e-05
1.946000000000000000e+03 1.479494300717974828e-05
1.948000000000000000e+03 1.435846622124279015e-05
1.950000000000000000e+03 1.393478868903989432e-05
1.952000000000000000e+03 1.352353754801803294e-05
1.954000000000000000e+03 1.312435071967320964e-05
1.956000000000000000e+03 1.273687660011716393e-05
1.958000000000000000e+03 1.236077375944514259e-05
1.960000000000000000e+03 1.199571064965672345e-05
1.962000000000000000e+03 1.164136532088877349e-05
1.964000000000000000e+03 1.129742514572625164e-05
1.966000000000000000e+03 1.096358655136323692e-05
1.968000000000000000e+03 1.063955475939267903e-05
1.970000000000000000e+03 1.032504353300977781e-05
1.972000000000000000e+03 1.001977493141951169e-05
1.974000000000000000e+03 9.723479071245732039e-06
1.976000000000000000e+03 9.435893894743065398e-06
1.978000000000000000e+03 9.156764944620278878e-06
1.980000000000000000e+03 8.885845145288053334e-06
1.982000000000000000e+03 8.622894590349545216e-06
1.984000000000000000e+03 8.367680336157369594e-06
1.986000000000000000e+03 8.119976201265390389e-06
1.988000000000000000e+03 7.879562571608542118e-06
1.990000000000000000e+03 7.646226211248716883e-06
1.992000000000000000e+03 7.419760078528986383e-06
1.994000000000000000e+03 7.199963147483222906e-06
1.996000000000000000e+03 6.986640234352148225e-06
1.998000000000000000e+03 6.779601829061192231e-06
2.000000000000000000e+03 6.578663931519547915e-06
2.002000000000000000e+03 6.383647892603722568e-06
2.004000000000000000e+03 6.194380259692817898e-06
2.006000000000000000e+03 6.010692626626367353e-06
2.008000000000000000e+03 5.832421487959246143e-06
2.010000000000000000e+03 5.659408097391782825e-06
2.012000000000000000e+03 5.491498330256457373e-06
2.014000000000000000e+03 5.328542549945996012e-06
2.016000000000000000e+03 5.170395478170955373e-06
2.018000000000000000e+03 5.016916068937932749e-06
2.020000000000000000e+03 4.867967386142653776e-06
2.022000000000000000e+03 4.723416484675245809e-06
2.024000000000000000e+03 4.583134294937557368e-06
2.026000000000000000e+03 4.446995510675969523e-06
2.028000000000000000e+03 4.314878480034732421e-06
2.030000000000000000e+03 4.186665099738590499e-06
2.032000000000000000e+03 4.062240712315480094e-06
2.034000000000000000e+03 3.941494006272662386e-06
2.036000000000000000e+03 3.824316919142225331e-06
2.038000000000000000e+03 3.710604543314144783e-06
2.040000000000000000e+03 3.600255034577504745e-06
2.042000000000000000e+03 3.493169523292569364e-06
2.044000000000000000e+03 3.389252028118764967e-06
2.046000000000000000e+03 3.288409372225590121e-06
2.048000000000000000e+03 3.190551101915667990e-06
2.050000000000000000e+03 3.095589407591012012e-06
2.052000000000000000e+03 3.003439046995656617e-06
2.054000000000000000e+03 2.914017270669625430e-06
2.056000000000000000e+03 2.827243749551052104e-06
2.058000000000000000e+03 2.743040504665089641e-06
2.060000000000000000e+03 2.661331838839943194e-06
2.062000000000000000e+03 2.582044270392074911e-06
2.064000000000000000e+03 2.505106468724268772e-06
2.066000000000000000e+03 2.430449191781827807e-06
2.068000000000000000e+03 2.358005225313737106e-06
2.070000000000000000e+03 2.287709323887133361e-06
2.072000000000000000e+03 2.219498153604881116e-06
2.074000000000000000e+03 2.153310236477467879e-06
2.076000000000000000e+03 2.089085896401885916e-06
2.078000000000000000e+03 2.026767206701326405e-06
2.080000000000000000e+03 1.966297939181173108e-06
2.082000000000000000e+03 1.907623514657576367e-06
2.084000000000000000e+03 1.850690954916546536e-06
2.086000000000000000e+03 1.795448836062485528e-06
2.088000000000000000e+03 1.741847243216279012e-06
2.090000000000000000e+03 1.689837726524243891e-06
2.092000000000000000e+03 1.639373258440288263e-06
2.094000000000000000e+03 1.590408192244720436e-06
2.096000000000000000e+03 1.542898221764202956e-06
2.098000000000000000e+03 1.496800342258342911e-06
2.100000000000000000e+03 1.452072812439378107e-06
2.102000000000000000e+03 1.408675117592419297e-06
2.104000000000000000e+03 1.366567933764575567e-06
2.106000000000000000e+03 1.325713092992242899e-06
2.108000000000000000e+03 1.286073549536702030e-06
2.110000000000000000e+03 1.247613347098981045e-06
2.112000000000000000e+03 1.210297586985837093e-06
2.114000000000000000e+03 1.174092397199450173e-06
2.116000000000000000e+03 1.138964902424245951e-06
2.118000000000000000e+03 1.104883194885002281e-06
2.120000000000000000e+03 1.071816306051147997e-06
2.122000000000000000e+03 1.039734179162848833e-06
2.124000000000000000e+03 1.008607642555223267e-06
2.126000000000000000e+03 9.784083837576540787e-07
2.128000000000000000e+03 9.491089243458626316e-07
2.130000000000000000e+03 9.206825955249914438e-07
2.132000000000000000e+03 8.931035144226918989e-07
2.134000000000000000e+03 8.663465610716202266e-07
2.136000000000000000e+03 8.403873560615082644e-07
2.138000000000000000e+03 8.152022388414704945e-07
2.140000000000000000e+03 7.907682466537401574e-07
2.142000000000000000e+03 7.670630940806281014e-07
2.144000000000000000e+03 7.440651531869570179e-07
2.146000000000000000e+03 7.217534342407852920e-07
2.148000000000000000e+03 7.001075669956800285e-07
2.150000000000000000e+03 6.791077825183271465e-07
2.152000000000000000e+03 6.587348955456805334e-07
2.154000000000000000e+03 6.389702873563537943e-07
2.156000000000000000e+03 6.197958891413596289e-07
2.158000000000000000e+03 6.011941658597498429e-07
2.160000000000000000e+03 5.831481005651204445e-07
2.162000000000000000e+03 5.656411791893412087e-07
2.164000000000000000e+03 5.486573757702743959e-07
2.166000000000000000e+03 5.321811381106148170e-07
2.168000000000000000e+03 5.161973738553588871e-07
2.170000000000000000e+03 5.006914369757747421e-07
2.172000000000000000e+03 4.856491146480806044e-07
2.174000000000000000e+03 4.710566145153916328e-07
2.176000000000000000e+03 4.569005523218202809e-07
2.178000000000000000e+03 4.431679399079274746e-07
2.180000000000000000e+03 4.298461735570460185e-07
2.182000000000000000e+03 4.169230226822790643e-07
2.184000000000000000e+03 4.043866188443164569e-07
2.186000000000000000e+03 3.922254450904168557e-07
2.188000000000000000e+03 3.804283256052622532e-07
2.190000000000000000e+03 3.689844156646120543e-07
2.192000000000000000e+03 3.578831918829609157e-07
2.194000000000000000e+03 3.471144427466533582e-07
2.196000000000000000e+03 3.366682594241574599e-07
2.198000000000000000e+03 3.265350268454410220e-07
2.200000000000000000e+03 3.167054150426205002e-07
2.202000000000000000e+03 3.071703707442855570e-07
2.204000000000000000e+03 2.979211092161137428e-07
2.206000000000000000e+03 2.889491063406137488e-07
2.208000000000000000e+03 2.802460909290305433e-07
2.210000000000000000e+03 2.718040372586556106e-07
2.212000000000000000e+03 2.636151578289779458e-07
2.214000000000000000e+03 2.556718963303009292e-07
2.216000000000000000e+03 2.479669208186343285e-07
2.218000000000000000e+03 2.404931170908508307e-07
2.220000000000000000e+03 2.332435822542708864e-07
2.222000000000000000e+03 2.262116184850037648e-07
2.224000000000000000e+03 2.193907269695464901e-07
2.226000000000000000e+03 2.127746020242890502e-07
2.228000000000000000e+03 2.063571253877408224e-07
2.230000000000000000e+03 2.001323606804361156e-07
2.232000000000000000e+03 1.940945480276256554e-07
2.234000000000000000e+03 1.882380988399976299e-07
2.236000000000000000e+03 1.825575907478267620e-07
2.238000000000000000e+03 1.770477626840533213e-07
2.240000000000000000e+03 1.717035101119539952e-07
2.242000000000000000e+03 1.665198803931758855e-07
2.244000000000000000e+03 1.614920682920324587e-07
2.246000000000000000e+03 1.566154116120778514e-07
2.248000000000000000e+03 1.518853869610936467e-07
2.250000000000000000e+03 1.472976056407308431e-07
2.252000000000000000e+03 1.428478096571643232e-07
2.254000000000000000e+03 1.385318678492167371e-07
2.256000000000000000e+03 1.343457721305158368e-07
2.258000000000000000e+03 1.302856338423490121e-07
2.260000000000000000e+03 1.263476802139722930e-07
2.262000000000000000e+03 1.225282509272301366e-07
2.264000000000000000e+03 1.188237947824291087e-07
2.266000000000000000e+03 1.152308664625020898e-07
2.268000000000000000e+03 1.117461233925812518e-07
2.270000000000000000e+03 1.083663226921848515e-07
2.272000000000000000e+03 1.050883182173047639e-07
2.274000000000000000e+03 1.019090576897566880e-07
2.276000000000000000e+03 9.882557991123700815e-08
2.278000000000000000e+03 9.583501205960095855e-08
2.280000000000000000e+03 9.293456706495036297e-08
2.282000000000000000e+03 9.012154106318919440e-08
2.284000000000000000e+03 8.739331092477541125e-08
2.286000000000000000e+03 8.474733185645988868e-08
2.288000000000000000e+03 8.218113507386931966e-08
2.290000000000000000e+03 7.969232554285852978e-08
2.292000000000000000e+03 7.727857978760463406e-08
2.294000000000000000e+03 7.493764376348744840e-08
2.296000000000000000e+03 7.266733079285278003e-08
2.298000000000000000e+03 7.046551956180874309e-08
2.300000000000000000e+03 6.833015217626276452e-08
2.302000000000000000e+03 6.625923227545701276e-08
2.304000000000000000e+03 6.425082320131263038e-08
2.306000000000000000e+03 6.230304622193989731e-08
2.308000000000000000e+03 6.041407880772286873e-08
2.310000000000000000e+03 5.858215295843062781e-08
2.312000000000000000e+03 5.680555357985389299e-08
2.314000000000000000e+03 5.508261690850947458e-08
2.316000000000000000e+03 5.341172898299819428e-08
2.318000000000000000e+03 5.179132416064085167e-08
2.320000000000000000e+03 5.021988367806146288e-08
2.322000000000000000e+03 4.869593425442110945e-08
2.324000000000000000e+03 4.721804673604712789e-08
2.326000000000000000e+03 4.578483478123738276e-08
2.328000000000000000e+03 4.439495358405627229e-08
2.330000000000000000e+03 4.304709863597217564e-08
2.332000000000000000e+03 4.174000452422152088e-08
2.334000000000000000e+03 4.047244376581608544e-08
2.336000000000000000e+03 3.924322567614249340e-08
2.338000000000000000e+03 3.805119527113351299e-08
2.340000000000000000e+03 3.689523220201925879e-08
2.342000000000000000e+03 3.577424972170070794e-08
2.344000000000000000e+03 3.468719368180699826e-08
2.346000000000000000e+03 3.363304155953458334e-08
2.348000000000000000e+03 3.261080151338737681e-08
2.350000000000000000e+03 3.161951146696453983e-08
2.352000000000000000e+03 3.065823821996751345e-08
2.354000000000000000e+03 2.972607658562236239e-08
2.356000000000000000e+03 2.882214855373638986e-08
2.358000000000000000e+03 2.794560247863189810e-08
2.360000000000000000e+03 2.709561229122185385e-08
2.362000000000000000e+03 2.627137673451301597e-08
2.364000000000000000e+03 2.547211862184456229e-08
2.366000000000000000e+03 2.469708411718927774e-08
2.368000000000000000e+03 2.394554203686503552e-08
2.370000000000000000e+03 2.321678317202265966e-08
2.372000000000000000e+03 2.251011963129610995e-08
2.374000000000000000e+03 2.182488420301730807e-08
2.376000000000000000e+03 2.116042973641727684e-08
2.378000000000000000e+03 2.051612854125096392e-08
2.380000000000000000e+03 1.989137180530043967e-08
2.382000000000000000e+03 1.928556902922661347e-08
2.384000000000000000e+03 1.869814747825607408e-08
2.386000000000000000e+03 1.812855165020365510e-08
2.388000000000000000e+03 1.757624275934715596e-08
2.390000000000000000e+03 1.704069823568400908e-08
2.392000000000000000e+03 1.652141123911378275e-08
2.394000000000000000e+03 1.601789018810508288e-08
2.396000000000000000e+03 1.552965830241543293e-08
2.398000000000000000e+03 1.505625315944900631e-08
2.400000000000000000e+03 1.459722626384672232e-08
2.402000000000000000e+03 1.415214262991651124e-08
2.404000000000000000e+03 1.372058037652243823e-08
2.406000000000000000e+03 1.330213033406311476e-08
2.408000000000000000e+03 1.289639566318036672e-08
2.410000000000000000e+03 1.250299148484993244e-08
2.412000000000000000e+03 1.212154452151620983e-08
2.414000000000000000e+03 1.175169274894305222e-08
2.416000000000000000e+03 1.139308505846209703e-08
2.418000000000000000e+03 1.104538092930996673e-08
2.420000000000000000e+03 1.070825011075439119e-08
2.422000000000000000e+03 1.038137231371822799e-08
2.424000000000000000e+03 1.006443691161924423e-08
2.426000000000000000e+03 9.757142650151515596e-09
2.428000000000000000e+03 9.459197365742550437e-09
2.430000000000000000e+03 9.170317712428171073e-09
2.432000000000000000e+03 8.890228896894733249e-09
2.434000000000000000e+03 8.618664421445626681e-09
2.436000000000000000e+03 8.355365834656358177e-09
2.438000000000000000e+03 8.100082489489296766e-09
2.440000000000000000e+03 7.852571308646082095e-09
2.442000000000000000e+03 7.612596556942304878e-09
2.444000000000000000e+03 7.379929620494922979e-09
2.446000000000000000e+03 7.154348792520413121e-09
2.448000000000000000e+03 6.935639065545709786e-09
2.450000000000000000e+03 6.723591929841554026e-09
2.452000000000000000e+03 6.518005177892660970e-09
2.454000000000000000e+03 6.318682714724792604e-09
2.456000000000000000e+03 6.125434373914108890e-09
2.458000000000000000e+03 5.938075739109575928e-09
2.460000000000000000e+03 5.756427970903809795e-09
2.462000000000000000e+03 5.580317638893086603e-09
2.464000000000000000e+03 5.409576558771634957e-09
2.466000000000000000e+03 5.244041634310000636e-09
2.468000000000000000e+03 5.083554704071895554e-09
2.470000000000000000e+03 4.927962392727988831e-09
2.472000000000000000e+03 4.777115966829571994e-09
2.474000000000000000e+03 4.630871194908844493e-09
2.476000000000000000e+03 4.489088211776779347e-09
2.478000000000000000e+03 4.351631386893136900e-09
2.480000000000000000e+03 4.218369196687046868e-09
2.482000000000000000e+03 4.089174100710175417e-09
2.484000000000000000e+03 3.963922421507949971e-09
2.486000000000000000e+03 3.842494228097797739e-09
2.488000000000000000e+03 3.724773222946537721e-09
2.490000000000000000e+03 3.610646632342445439e-09
2.492000000000000000e+03 3.500005100060402675e-09
2.494000000000000000e+03 3.392742584221776742e-09
2.496000000000000000e+03 3.288756257253442327e-09
2.498000000000000000e+03 3.187946408853190462e-09
2.500000000000000000e+03 3.090216351871886751e-09
2.502000000000000000e+03 2.995472331024715929e-09
2.504000000000000000e+03 2.903623434347152300e-09
2.506000000000000000e+03 2.814581507313448395e-09
2.508000000000000000e+03 2.728261069537887130e-09
2.510000000000000000e+03 2.644579233981583901e-09
2.512000000000000000e+03 2.563455628589751281e-09
2.514000000000000000e+03 2.484812320286663391e-09
2.516000000000000000e+03 2.408573741257751076e-09
2.518000000000000000e+03 2.334666617450249264e-09
2.520000000000000000e+03 2.263019899226011523e-09
2.522000000000000000e+03 2.193564694101954772e-09
2.524000000000000000e+03 2.126234201515583999e-09
2.526000000000000000e+03 2.060963649554925763e-09
2.528000000000000000e+03 1.997690233593961153e-09
2.530000000000000000e+03 1.936353056776442227e-09
2.532000000000000000e+03 1.876893072292659638e-09
2.534000000000000000e+03 1.819253027395410448e-09
2.536000000000000000e+03 1.763377409102970609e-09
2.538000000000000000e+03 1.709212391538500758e-09
2.540000000000000000e+03 1.656705784856750206e-09
2.542000000000000000e+03 1.605806985710457126e-09
2.544000000000000000e+03 1.556466929210235534e-09
2.546000000000000000e+03 1.508638042333081559e-09
2.548000000000000000e+03 1.462274198736076557e-09
2.550000000000000000e+03 1.417330674932998695e-09
2.552000000000000000e+03 1.373764107793064473e-09
2.554000000000000000e+03 1.331532453321916402e-09
2.556000000000000000e+03 1.290594946686467198e-09
2.558000000000000000e+03 1.250912063446177379e-09
2.560000000000000000e+03 1.212445481954535363e-09
2.562000000000000000e+03 1.175158046895556318e-09
2.564000000000000000e+03 1.139013733921201354e-09
2.566000000000000000e+03 1.103977615356616144e-09
2.568000000000000000e+03 1.070015826941080539e-09
2.570000000000000000e+03 1.037095535573540494e-09
2.572000000000000000e+03 1.005184908032489072e-09
2.574000000000000000e+03 9.742530806409170033e-10
2.576000000000000000e+03 9.442701298478726422e-10
2.578000000000000000e+03 9.152070436990816308e-10
2.580000000000000000e+03 8.870356941698623432e-10
2.582000000000000000e+03 8.597288103343705581e-10
2.584000000000000000e+03 8.332599523460339986e-10
2.586000000000000000e+03 8.076034862047247630e-10
2.588000000000000000e+03 7.827345592870013216e-10
2.590000000000000000e+03 7.586290766164362453e-10
2.592000000000000000e+03 7.352636778517399400e-10
2.594000000000000000e+03 7.126157149710576793e-10
2.596000000000000000e+03 6.906632306314807299e-10
2.598000000000000000e+03 6.693849371834062785e-10
2.600000000000000000e+03 6.487601963200364124e-10
2.602000000000000000e+03 6.287689993428396237e-10
2.604000000000000000e+03 6.093919480244731872e-10
2.606000000000000000e+03 5.906102360510721444e-10
2.608000000000000000e+03 5.724056310265008075e-10
2.610000000000000000e+03 5.547604570215918998e-10
2.612000000000000000e+03 5.376575776519434579e-10
2.614000000000000000e+03 5.210803796683344483e-10
2.616000000000000000e+03 5.050127570442874096e-10
2.618000000000000000e+03 4.894390955457826794e-10
2.620000000000000000e+03 4.743442577685782351e-10
2.622000000000000000e+03 4.597135686290163133e-10
2.624000000000000000e+03 4.455328012946291906e-10
2.626000000000000000e+03 4.317881635412794587e-10
2.628000000000000000e+03 4.184662845239363590e-10
2.630000000000000000e+03 4.055542019486186878e-10
2.632000000000000000e+03 3.930393496333751673e-10
2.634000000000000000e+03 3.809095454465534750e-10
2.636000000000000000e+03 3.691529796109702897e-10
2.638000000000000000e+03 3.577582033629139558e-10
2.640000000000000000e+03 3.467141179552675683e-10
2.642000000000000000e+03 3.360099639943496489e-10
2.644000000000000000e+03 3.256353111003842743e-10
2.646000000000000000e+03 3.155800478818217262e-10
2.648000000000000000e+03 3.058343722140167330e-10
2.650000000000000000e+03 2.963887818130665697e-10
2.652000000000000000e+03 2.872340650958774325e-10
2.654000000000000000e+03 2.783612923178002112e-10
2.656000000000000000e+03 2.697618069794605596e-10
2.658000000000000000e+03 2.614272174946027582e-10
2.660000000000000000e+03 2.533493891110832596e-10
2.662000000000000000e+03 2.455204360773340093e-10
2.664000000000000000e+03 2.379327140468768186e-10
2.666000000000000000e+03 2.305788127136749206e-10
2.668000000000000000e+03 2.234515486713399950e-10
2.670000000000000000e+03 2.165439584894156070e-10
2.672000000000000000e+03 2.098492920001597326e-10
2.674000000000000000e+03 2.033610057894580888e-10
2.676000000000000000e+03 1.970727568856799230e-10
2.678000000000000000e+03 1.909783966404833123e-10
2.680000000000000000e+03 1.850719647957521017e-10
2.682000000000000000e+03 1.793476837310273997e-10
2.684000000000000000e+03 1.737999528859614449e-10
2.686000000000000000e+03 1.684233433524911233e-10
2.688000000000000000e+03 1.632125926315840063e-10
2.690000000000000000e+03 1.581625995495711548e-10
2.692000000000000000e+03 1.532684193292254088e-10
2.694000000000000000e+03 1.485252588108933157e-10
2.696000000000000000e+03 1.439284718191305590e-10
2.698000000000000000e+03 1.394735546704269209e-10
2.700000000000000000e+03 1.351561418177409214e-10
2.702000000000000000e+03 1.309720016276939356e-10
2.704000000000000000e+03 1.269170322863976439e-10
2.706000000000000000e+03 1.229872578300122003e-10
2.708000000000000000e+03 1.191788242962452646e-10
2.710000000000000000e+03 1.154879959931329016e-10
2.712000000000000000e+03 1.119111518815240685e-10
2.714000000000000000e+03 1.084447820678309657e-10
2.716000000000000000e+03 1.050854844036894969e-10
2.718000000000000000e+03 1.018299611892872379e-10
2.720000000000000000e+03 9.867501597720606306e-11
2.722000000000000000e+03 9.561755047372913767e-11
2.724000000000000000e+03 9.265456153465024469e-11
2.726000000000000000e+03 8.978313825271359151e-11
2.728000000000000000e+03 8.700045913389979388e-11
2.730000000000000000e+03 8.430378935985895955e-11
2.732000000000000000e+03 8.169047813386991104e-11
2.734000000000000000e+03 7.915795610778914044e-11
2.736000000000000000e+03 7.670373288752453674e-11
2.738000000000000000e+03 7.432539461464876204e-11
2.740000000000000000e+03 7.202060162183396098e-11
2.742000000000000000e+03 6.978708615986531652e-11
2.744000000000000000e+03 6.762265019405399933e-11
2.746000000000000000e+03 6.552516326793977369e-11
2.748000000000000000e+03 6.349256043223464368e-11
2.750000000000000000e+03 6.152284023702326259e-11
2.752000000000000000e+03 5.961406278529457142e-11
2.754000000000000000e+03 5.776434784593808144e-11
2.756000000000000000e+03 5.597187302439436769e-11
2.758000000000000000e+03 5.423487198920536839e-11
2.760000000000000000e+03 5.255163275276014931e-11
2.762000000000000000e+03 5.092049600459087086e-11
2.764000000000000000e+03 4.933985349561185576e-11
2.766000000000000000e+03 4.780814647175521400e-11
2.768000000000000000e+03 4.632386415549587609e-11
2.770000000000000000e+03 4.488554227380836788e-11
2.772000000000000000e+03 4.349176163113921959e-11
2.774000000000000000e+03 4.214114672602435146e-11
2.776000000000000000e+03 4.083236441002080604e-11
2.778000000000000000e+03 3.956412258766292946e-11
2.780000000000000000e+03 3.833516895619297676e-11
2.782000000000000000e+03 3.714428978385286104e-11
2.784000000000000000e+03 3.599030872556174573e-11
2.786000000000000000e+03 3.487208567483932120e-11
2.788000000000000000e+03 3.378851565086908391e-11
2.790000000000000000e+03 3.273852771963007003e-11
2.792000000000000000e+03 3.172108394805788517e-11
2.794000000000000000e+03 3.073517839022689074e-11
2.796000000000000000e+03 2.977983610457678248e-11
2.798000000000000000e+03 2.885411220123639407e-11
2.800000000000000000e+03 2.795709091852587677e-11
2.802000000000000000e+03 2.708788472774684688e-11
2.804000000000000000e+03 2.624563346539662403e-11
2.806000000000000000e+03 2.542950349196998975e-11
2.808000000000000000e+03 2.463868687653574857e-11
2.810000000000000000e+03 2.387240060630221183e-11
2.812000000000000000e+03 2.312988582040642344e-11
2.814000000000000000e+03 2.241040706719038746e-11
2.816000000000000000e+03 2.171325158424343870e-11
2.818000000000000000e+03 2.103772860051742718e-11
2.820000000000000000e+03 2.038316865983954310e-11
2.822000000000000000e+03 1.974892296516910940e-11
2.824000000000000000e+03 1.913436274296414311e-11
2.826000000000000000e+03 1.853887862704346193e-11
2.828000000000000000e+03 1.796188006134779338e-11
2.830000000000000000e+03 1.740279472102277618e-11
2.832000000000000000e+03 1.686106795126312236e-11
2.834000000000000000e+03 1.633616222337520625e-11
2.836000000000000000e+03 1.582755660753125988e-11
2.838000000000000000e+03 1.533474626170482389e-11
2.840000000000000000e+03 1.485724193629243154e-11
2.842000000000000000e+03 1.439456949394159776e-11
2.844000000000000000e+03 1.394626944412005709e-11
2.846000000000000000e+03 1.351189649197492130e-11
2.848000000000000000e+03 1.309101910104467456e-11
2.850000000000000000e+03 1.268321906939994971e-11
2.852000000000000000e+03 1.228809111880205143e-11
2.854000000000000000e+03 1.190524249648073837e-11
2.856000000000000000e+03 1.153429258914483370e-11
2.858000000000000000e+03 1.117487254885132429e-11
2.860000000000000000e+03 1.082662493036955952e-11
2.862000000000000000e+03 1.048920333968871999e-11
2.864000000000000000e+03 1.016227209332684812e-11
2.866000000000000000e+03 9.845505888111495861e-12
2.868000000000000000e+03 9.538589481109944705e-12
2.870000000000000000e+03 9.241217379398918403e-12
2.872000000000000000e+03 8.953093539371982220e-12
2.874000000000000000e+03 8.673931075292365728e-12
2.876000000000000000e+03 8.403451976807828707e-12
2.878000000000000000e+03 8.141386835152934889e-12
2.880000000000000000e+03 7.887474577772319986e-12
2.882000000000000000e+03 7.641462211106878508e-12
2.884000000000000000e+03 7.403104571292493741e-12
2.886000000000000000e+03 7.172164082528741800e-12
2.888000000000000000e+03 6.948410522882308757e-12
2.890000000000000000e+03 6.731620797297024179e-12
2.892000000000000000e+03 6.521578717589652234e-12
2.894000000000000000e+03 6.318074789216820929e-12
2.896000000000000000e+03 6.120906004605682006e-12
2.898000000000000000e+03 5.929875642846565575e-12
2.900000000000000000e+03 5.744793075552701606e-12
2.902000000000000000e+03 5.565473578697450645e-12
2.904000000000000000e+03 5.391738150245836167e-12
2.906000000000000000e+03 5.223413333402239094e-12
2.908000000000000000e+03 5.060331045302112839e-12
2.910000000000000000e+03 4.902328410980294798e-12
2.912000000000000000e+03 4.749247602454093832e-12
2.914000000000000000e+03 4.600935682763984589e-12
2.916000000000000000e+03 4.457244454819650883e-12
2.918000000000000000e+03 4.318030314903675494e-12
2.920000000000000000e+03 4.183154110690163508e-12
2.922000000000000000e+03 4.052481003639038011e-12
2.924000000000000000e+03 3.925880335631982245e-12
2.926000000000000000e+03 3.803225499719507385e-12
2.928000000000000000e+03 3.684393814852873242e-12
2.930000000000000000e+03 3.569266404478303874e-12
2.932000000000000000e+03 3.457728078874865530e-12
2.934000000000000000e+03 3.349667221120815164e-12
2.936000000000000000e+03 3.244975676577003379e-12
2.938000000000000000e+03 3.143548645779026478e-12
2.940000000000000000e+03 3.045284580633437165e-12
2.942000000000000000e+03 2.950085083816322793e-12
2.944000000000000000e+03 2.857854811275784342e-12
2.946000000000000000e+03 2.768501377742825649e-12
2.948000000000000000e+03 2.681935265158112457e-12
2.950000000000000000e+03 2.598069733924881676e-12
2.952000000000000000e+03 2.516820736901041866e-12
2.954000000000000000e+03 2.438106836046175740e-12
2.956000000000000000e+03 2.361849121641724239e-12
2.958000000000000000e+03 2.287971134005172660e-12
2.960000000000000000e+03 2.216398787621445940e-12
2.962000000000000000e+03 2.147060297617111278e-12
2.964000000000000000e+03 2.079886108505251708e-12
2.966000000000000000e+03 2.014808825131088440e-12
2.968000000000000000e+03 1.951763145750616438e-12
2.970000000000000000e+03 1.890685797176447144e-12
2.972000000000000000e+03 1.831515471927413450e-12
2.974000000000000000e+03 1.774192767319932472e-12
2.976000000000000000e+03 1.718660126441517860e-12
2.978000000000000000e+03 1.664861780948365495e-12
2.980000000000000000e+03 1.612743695630821269e-12
2.982000000000000000e+03 1.562253514692251514e-12
2.984000000000000000e+03 1.513340509688523346e-12
2.986000000000000000e+03 1.465955529076883633e-12
2.988000000000000000e+03 1.420050949324664116e-12
2.990000000000000000e+03 1.375580627529692230e-12
2.992000000000000000e+03 1.332499855505828199e-12
2.994000000000000000e+03 1.290765315288425322e-12
2.996000000000000000e+03 1.250335036015953228e-12
2.998000000000000000e+03 1.211168352145334555e-12
3.000000000000000000e+03 1.173225862959842622e-12
3.002000000000000000e+03 1.136469393329720109e-12
3.004000000000000000e+03 1.100861955686850890e-12
3.006000000000000000e+03 1.066367713176039327e-12
3.008000000000000000e+03 1.032951943946587740e-12
3.010000000000000000e+03 1.000581006548991197e-12
3.012000000000000000e+03 9.692223064026409778e-13
3.014000000000000000e+03 9.388442633014829857e-13
3.016000000000000000e+03 9.094162799255917007e-13
3.018000000000000000e+03 8.809087113276065787e-13
3.020000000000000000e+03 8.532928353639496679e-13
3.022000000000000000e+03 8.265408240416037246e-13
3.024000000000000000e+03 8.006257157522781183e-13
3.026000000000000000e+03 7.755213883664440294e-13
3.028000000000000000e+03 7.512025331607582527e-13
3.030000000000000000e+03 7.276446295531163853e-13
3.032000000000000000e+03 7.048239206203756859e-13
3.034000000000000000e+03 6.827173893745856933e-13
3.036000000000000000e+03 6.613027357742782754e-13
3.038000000000000000e+03 6.405583544481172005e-13
3.040000000000000000e+03 6.204633131088805175e-13
3.042000000000000000e+03 6.009973316364554481e-13
3.044000000000000000e+03 5.821407618091583993e-13
3.046000000000000000e+03 5.638745676633458059e-13
3.048000000000000000e+03 5.461803064618898832e-13
3.050000000000000000e+03 5.290401102527001212e-13
3.052000000000000000e+03 5.124366679990411537e-13
3.054000000000000000e+03 4.963532082639741932e-13
3.056000000000000000e+03 4.807734824317775228e-13
3.058000000000000000e+03 4.656817484497441718e-13
3.060000000000000000e+03 4.510627550742629502e-13
3.062000000000000000e+03 4.369017266055769787e-13
3.064000000000000000e+03 4.231843480961084210e-13
3.066000000000000000e+03 4.098967510176983641e-13
3.068000000000000000e+03 3.970254993735537189e-13
3.070000000000000000e+03 3.845575762411550174e-13
3.072000000000000000e+03 3.724803707327719262e-13
3.074000000000000000e+03 3.607816653606750065e-13
3.076000000000000000e+03 3.494496237945017669e-13
3.078000000000000000e+03 3.384727789986663646e-13
3.080000000000000000e+03 3.278400217380094768e-13
3.082000000000000000e+03 3.175405894403163753e-13
3.084000000000000000e+03 3.075640554046413292e-13
3.086000000000000000e+03 2.979003183447318406e-13
3.088000000000000000e+03 2.885395922571762515e-13
3.090000000000000000e+03 2.794723966042147625e-13
3.092000000000000000e+03 2.706895468014689969e-13
3.094000000000000000e+03 2.621821450011449827e-13
3.096000000000000000e+03 2.539415711615546770e-13
3.098000000000000000e+03 2.459594743940840862e-13
